w0 [um], z0 [um] | pump FWHM [um] | probe FWHM [um] | error [um]
1.400, 0.0 | 1.152 | 1.644 | 0.926
1.400, 1.0 | 1.134 | 1.653 | 0.917
1.400, 2.0 | 1.117 | 1.603 | 0.850
1.400, 3.0 | 1.100 | 1.517 | 0.747
1.400, 4.0 | 1.085 | 1.418 | 0.633
1.400, 5.0 | 1.070 | 1.327 | 0.526
1.400, 6.0 | 1.055 | 1.253 | 0.439
1.400, 7.0 | 1.042 | 1.202 | 0.374
1.400, 8.0 | 1.029 | 1.170 | 0.329
1.400, 9.0 | 1.018 | 1.153 | 0.301
1.400, 10.0 | 1.007 | 1.145 | 0.282
1.400, 11.0 | 0.997 | 1.140 | 0.267
1.400, 12.0 | 0.988 | 1.131 | 0.249
1.400, 13.0 | 0.980 | 1.113 | 0.223
1.400, 14.0 | 0.973 | 1.081 | 0.184
1.400, 15.0 | 0.967 | 1.034 | 0.132
1.400, 16.0 | 0.962 | 0.978 | 0.070
1.400, 17.0 | 0.958 | 0.917 | 0.091
1.400, 18.0 | 0.956 | 0.859 | 0.147
1.400, 19.0 | 0.954 | 0.808 | 0.196
1.400, 20.0 | 0.954 | 0.765 | 0.238

BEST OVERALL RESULT:
w0 = 1.400 [um]
z0 = 16.000 [um]
Pump FWHM = 0.962 [um]
Probe FWHM = 0.978 [um]
Error = 0.070 [um]
