w0 [um], z0 [um] | pump FWHM [um] | probe FWHM [um] | error [um]
3.000, 0.0 | 2.065 | 0.820 | 0.664
3.000, 1.0 | 2.063 | 0.820 | 0.667
3.000, 2.0 | 2.061 | 0.820 | 0.669
3.000, 3.0 | 2.059 | 0.819 | 0.671
3.000, 4.0 | 2.058 | 0.819 | 0.673
3.000, 5.0 | 2.056 | 0.819 | 0.675
3.000, 6.0 | 2.054 | 0.819 | 0.677
3.000, 7.0 | 2.053 | 0.818 | 0.679
3.000, 8.0 | 2.051 | 0.818 | 0.680
3.000, 9.0 | 2.050 | 0.818 | 0.682
3.000, 10.0 | 2.049 | 0.818 | 0.683
3.000, 11.0 | 2.048 | 0.818 | 0.684
3.000, 12.0 | 2.047 | 0.818 | 0.685
3.000, 13.0 | 2.046 | 0.818 | 0.686
3.000, 14.0 | 2.045 | 0.818 | 0.687
3.000, 15.0 | 2.045 | 0.818 | 0.687
3.000, 16.0 | 2.044 | 0.818 | 0.687
3.000, 17.0 | 2.044 | 0.818 | 0.688
3.000, 18.0 | 2.044 | 0.819 | 0.688
3.000, 19.0 | 2.043 | 0.819 | 0.688
3.000, 20.0 | 2.043 | 0.819 | 0.688
3.010, 0.0 | 2.072 | 0.822 | 0.656
3.010, 1.0 | 2.070 | 0.822 | 0.658
3.010, 2.0 | 2.068 | 0.821 | 0.661
3.010, 3.0 | 2.066 | 0.821 | 0.663
3.010, 4.0 | 2.064 | 0.821 | 0.665
3.010, 5.0 | 2.063 | 0.821 | 0.667
3.010, 6.0 | 2.061 | 0.820 | 0.669
3.010, 7.0 | 2.059 | 0.820 | 0.670
3.010, 8.0 | 2.058 | 0.820 | 0.672
3.010, 9.0 | 2.057 | 0.820 | 0.673
3.010, 10.0 | 2.056 | 0.820 | 0.674
3.010, 11.0 | 2.055 | 0.820 | 0.676
3.010, 12.0 | 2.054 | 0.820 | 0.677
3.010, 13.0 | 2.053 | 0.820 | 0.677
3.010, 14.0 | 2.052 | 0.820 | 0.678
3.010, 15.0 | 2.051 | 0.820 | 0.679
3.010, 16.0 | 2.051 | 0.820 | 0.679
3.010, 17.0 | 2.051 | 0.820 | 0.679
3.010, 18.0 | 2.050 | 0.820 | 0.679
3.010, 19.0 | 2.050 | 0.821 | 0.679
3.010, 20.0 | 2.050 | 0.821 | 0.679
3.020, 0.0 | 2.079 | 0.824 | 0.648
3.020, 1.0 | 2.077 | 0.823 | 0.650
3.020, 2.0 | 2.075 | 0.823 | 0.652
3.020, 3.0 | 2.073 | 0.823 | 0.655
3.020, 4.0 | 2.071 | 0.823 | 0.657
3.020, 5.0 | 2.069 | 0.822 | 0.658
3.020, 6.0 | 2.068 | 0.822 | 0.660
3.020, 7.0 | 2.066 | 0.822 | 0.662
3.020, 8.0 | 2.065 | 0.822 | 0.663
3.020, 9.0 | 2.064 | 0.822 | 0.665
3.020, 10.0 | 2.062 | 0.822 | 0.666
3.020, 11.0 | 2.061 | 0.822 | 0.667
3.020, 12.0 | 2.060 | 0.822 | 0.668
3.020, 13.0 | 2.060 | 0.822 | 0.669
3.020, 14.0 | 2.059 | 0.822 | 0.669
3.020, 15.0 | 2.058 | 0.822 | 0.670
3.020, 16.0 | 2.058 | 0.822 | 0.670
3.020, 17.0 | 2.057 | 0.822 | 0.671
3.020, 18.0 | 2.057 | 0.822 | 0.671
3.020, 19.0 | 2.057 | 0.822 | 0.671
3.020, 20.0 | 2.057 | 0.823 | 0.670
3.030, 0.0 | 2.085 | 0.826 | 0.639
3.030, 1.0 | 2.083 | 0.825 | 0.642
3.030, 2.0 | 2.081 | 0.825 | 0.644
3.030, 3.0 | 2.079 | 0.825 | 0.646
3.030, 4.0 | 2.078 | 0.824 | 0.648
3.030, 5.0 | 2.076 | 0.824 | 0.650
3.030, 6.0 | 2.074 | 0.824 | 0.652
3.030, 7.0 | 2.073 | 0.824 | 0.653
3.030, 8.0 | 2.072 | 0.824 | 0.655
3.030, 9.0 | 2.070 | 0.824 | 0.656
3.030, 10.0 | 2.069 | 0.824 | 0.657
3.030, 11.0 | 2.068 | 0.823 | 0.658
3.030, 12.0 | 2.067 | 0.823 | 0.659
3.030, 13.0 | 2.066 | 0.823 | 0.660
3.030, 14.0 | 2.066 | 0.824 | 0.661
3.030, 15.0 | 2.065 | 0.824 | 0.661
3.030, 16.0 | 2.065 | 0.824 | 0.662
3.030, 17.0 | 2.064 | 0.824 | 0.662
3.030, 18.0 | 2.064 | 0.824 | 0.662
3.030, 19.0 | 2.064 | 0.824 | 0.662
3.030, 20.0 | 2.064 | 0.824 | 0.662
3.040, 0.0 | 2.092 | 0.827 | 0.631
3.040, 1.0 | 2.090 | 0.827 | 0.633
3.040, 2.0 | 2.088 | 0.827 | 0.635
3.040, 3.0 | 2.086 | 0.826 | 0.638
3.040, 4.0 | 2.084 | 0.826 | 0.640
3.040, 5.0 | 2.083 | 0.826 | 0.641
3.040, 6.0 | 2.081 | 0.826 | 0.643
3.040, 7.0 | 2.080 | 0.826 | 0.645
3.040, 8.0 | 2.078 | 0.826 | 0.646
3.040, 9.0 | 2.077 | 0.825 | 0.648
3.040, 10.0 | 2.076 | 0.825 | 0.649
3.040, 11.0 | 2.075 | 0.825 | 0.650
3.040, 12.0 | 2.074 | 0.825 | 0.651
3.040, 13.0 | 2.073 | 0.825 | 0.651
3.040, 14.0 | 2.072 | 0.825 | 0.652
3.040, 15.0 | 2.072 | 0.825 | 0.653
3.040, 16.0 | 2.071 | 0.826 | 0.653
3.040, 17.0 | 2.071 | 0.826 | 0.653
3.040, 18.0 | 2.071 | 0.826 | 0.653
3.040, 19.0 | 2.071 | 0.826 | 0.653
3.040, 20.0 | 2.071 | 0.826 | 0.653
3.050, 0.0 | 2.098 | 0.829 | 0.622
3.050, 1.0 | 2.096 | 0.829 | 0.625
3.050, 2.0 | 2.094 | 0.829 | 0.627
3.050, 3.0 | 2.093 | 0.828 | 0.629
3.050, 4.0 | 2.091 | 0.828 | 0.631
3.050, 5.0 | 2.089 | 0.828 | 0.633
3.050, 6.0 | 2.088 | 0.828 | 0.635
3.050, 7.0 | 2.086 | 0.828 | 0.636
3.050, 8.0 | 2.085 | 0.827 | 0.638
3.050, 9.0 | 2.084 | 0.827 | 0.639
3.050, 10.0 | 2.083 | 0.827 | 0.640
3.050, 11.0 | 2.082 | 0.827 | 0.641
3.050, 12.0 | 2.081 | 0.827 | 0.642
3.050, 13.0 | 2.080 | 0.827 | 0.643
3.050, 14.0 | 2.079 | 0.827 | 0.643
3.050, 15.0 | 2.079 | 0.827 | 0.644
3.050, 16.0 | 2.078 | 0.827 | 0.644
3.050, 17.0 | 2.078 | 0.828 | 0.645
3.050, 18.0 | 2.078 | 0.828 | 0.645
3.050, 19.0 | 2.077 | 0.828 | 0.645
3.050, 20.0 | 2.077 | 0.828 | 0.644
3.060, 0.0 | 2.105 | 0.831 | 0.614
3.060, 1.0 | 2.103 | 0.831 | 0.616
3.060, 2.0 | 2.101 | 0.830 | 0.618
3.060, 3.0 | 2.099 | 0.830 | 0.621
3.060, 4.0 | 2.098 | 0.830 | 0.622
3.060, 5.0 | 2.096 | 0.830 | 0.624
3.060, 6.0 | 2.094 | 0.830 | 0.626
3.060, 7.0 | 2.093 | 0.829 | 0.628
3.060, 8.0 | 2.092 | 0.829 | 0.629
3.060, 9.0 | 2.091 | 0.829 | 0.630
3.060, 10.0 | 2.089 | 0.829 | 0.631
3.060, 11.0 | 2.088 | 0.829 | 0.632
3.060, 12.0 | 2.088 | 0.829 | 0.633
3.060, 13.0 | 2.087 | 0.829 | 0.634
3.060, 14.0 | 2.086 | 0.829 | 0.635
3.060, 15.0 | 2.086 | 0.829 | 0.635
3.060, 16.0 | 2.085 | 0.829 | 0.636
3.060, 17.0 | 2.085 | 0.830 | 0.636
3.060, 18.0 | 2.084 | 0.830 | 0.636
3.060, 19.0 | 2.084 | 0.830 | 0.636
3.060, 20.0 | 2.084 | 0.830 | 0.636
3.070, 0.0 | 2.112 | 0.833 | 0.605
3.070, 1.0 | 2.110 | 0.833 | 0.608
3.070, 2.0 | 2.108 | 0.832 | 0.610
3.070, 3.0 | 2.106 | 0.832 | 0.612
3.070, 4.0 | 2.104 | 0.832 | 0.614
3.070, 5.0 | 2.103 | 0.832 | 0.616
3.070, 6.0 | 2.101 | 0.831 | 0.617
3.070, 7.0 | 2.100 | 0.831 | 0.619
3.070, 8.0 | 2.099 | 0.831 | 0.620
3.070, 9.0 | 2.097 | 0.831 | 0.622
3.070, 10.0 | 2.096 | 0.831 | 0.623
3.070, 11.0 | 2.095 | 0.831 | 0.624
3.070, 12.0 | 2.094 | 0.831 | 0.625
3.070, 13.0 | 2.094 | 0.831 | 0.625
3.070, 14.0 | 2.093 | 0.831 | 0.626
3.070, 15.0 | 2.092 | 0.831 | 0.627
3.070, 16.0 | 2.092 | 0.831 | 0.627
3.070, 17.0 | 2.091 | 0.831 | 0.627
3.070, 18.0 | 2.091 | 0.832 | 0.627
3.070, 19.0 | 2.091 | 0.832 | 0.627
3.070, 20.0 | 2.091 | 0.832 | 0.627
3.080, 0.0 | 2.118 | 0.835 | 0.597
3.080, 1.0 | 2.116 | 0.835 | 0.599
3.080, 2.0 | 2.114 | 0.834 | 0.601
3.080, 3.0 | 2.113 | 0.834 | 0.603
3.080, 4.0 | 2.111 | 0.834 | 0.605
3.080, 5.0 | 2.109 | 0.834 | 0.607
3.080, 6.0 | 2.108 | 0.833 | 0.609
3.080, 7.0 | 2.106 | 0.833 | 0.610
3.080, 8.0 | 2.105 | 0.833 | 0.612
3.080, 9.0 | 2.104 | 0.833 | 0.613
3.080, 10.0 | 2.103 | 0.833 | 0.614
3.080, 11.0 | 2.102 | 0.833 | 0.615
3.080, 12.0 | 2.101 | 0.833 | 0.616
3.080, 13.0 | 2.100 | 0.833 | 0.617
3.080, 14.0 | 2.100 | 0.833 | 0.617
3.080, 15.0 | 2.099 | 0.833 | 0.618
3.080, 16.0 | 2.099 | 0.833 | 0.618
3.080, 17.0 | 2.098 | 0.833 | 0.618
3.080, 18.0 | 2.098 | 0.834 | 0.618
3.080, 19.0 | 2.098 | 0.834 | 0.618
3.080, 20.0 | 2.098 | 0.834 | 0.618
3.090, 0.0 | 2.125 | 0.837 | 0.588
3.090, 1.0 | 2.123 | 0.836 | 0.591
3.090, 2.0 | 2.121 | 0.836 | 0.593
3.090, 3.0 | 2.119 | 0.836 | 0.595
3.090, 4.0 | 2.118 | 0.836 | 0.597
3.090, 5.0 | 2.116 | 0.835 | 0.598
3.090, 6.0 | 2.115 | 0.835 | 0.600
3.090, 7.0 | 2.113 | 0.835 | 0.602
3.090, 8.0 | 2.112 | 0.835 | 0.603
3.090, 9.0 | 2.111 | 0.835 | 0.604
3.090, 10.0 | 2.110 | 0.835 | 0.605
3.090, 11.0 | 2.109 | 0.835 | 0.606
3.090, 12.0 | 2.108 | 0.835 | 0.607
3.090, 13.0 | 2.107 | 0.835 | 0.608
3.090, 14.0 | 2.106 | 0.835 | 0.609
3.090, 15.0 | 2.106 | 0.835 | 0.609
3.090, 16.0 | 2.105 | 0.835 | 0.609
3.090, 17.0 | 2.105 | 0.835 | 0.610
3.090, 18.0 | 2.105 | 0.836 | 0.610
3.090, 19.0 | 2.105 | 0.836 | 0.610
3.090, 20.0 | 2.105 | 0.836 | 0.609
3.100, 0.0 | 2.132 | 0.839 | 0.580
3.100, 1.0 | 2.130 | 0.838 | 0.582
3.100, 2.0 | 2.128 | 0.838 | 0.584
3.100, 3.0 | 2.126 | 0.838 | 0.586
3.100, 4.0 | 2.124 | 0.838 | 0.588
3.100, 5.0 | 2.123 | 0.837 | 0.590
3.100, 6.0 | 2.121 | 0.837 | 0.591
3.100, 7.0 | 2.120 | 0.837 | 0.593
3.100, 8.0 | 2.119 | 0.837 | 0.594
3.100, 9.0 | 2.118 | 0.837 | 0.595
3.100, 10.0 | 2.117 | 0.837 | 0.597
3.100, 11.0 | 2.116 | 0.837 | 0.598
3.100, 12.0 | 2.115 | 0.837 | 0.598
3.100, 13.0 | 2.114 | 0.837 | 0.599
3.100, 14.0 | 2.113 | 0.837 | 0.600
3.100, 15.0 | 2.113 | 0.837 | 0.600
3.100, 16.0 | 2.112 | 0.837 | 0.601
3.100, 17.0 | 2.112 | 0.837 | 0.601
3.100, 18.0 | 2.112 | 0.838 | 0.601
3.100, 19.0 | 2.111 | 0.838 | 0.601
3.100, 20.0 | 2.111 | 0.838 | 0.601
3.110, 0.0 | 2.138 | 0.841 | 0.571
3.110, 1.0 | 2.136 | 0.840 | 0.573
3.110, 2.0 | 2.134 | 0.840 | 0.575
3.110, 3.0 | 2.133 | 0.840 | 0.577
3.110, 4.0 | 2.131 | 0.840 | 0.579
3.110, 5.0 | 2.129 | 0.839 | 0.581
3.110, 6.0 | 2.128 | 0.839 | 0.583
3.110, 7.0 | 2.127 | 0.839 | 0.584
3.110, 8.0 | 2.125 | 0.839 | 0.586
3.110, 9.0 | 2.124 | 0.839 | 0.587
3.110, 10.0 | 2.123 | 0.839 | 0.588
3.110, 11.0 | 2.122 | 0.839 | 0.589
3.110, 12.0 | 2.121 | 0.839 | 0.590
3.110, 13.0 | 2.121 | 0.839 | 0.590
3.110, 14.0 | 2.120 | 0.839 | 0.591
3.110, 15.0 | 2.120 | 0.839 | 0.591
3.110, 16.0 | 2.119 | 0.839 | 0.592
3.110, 17.0 | 2.119 | 0.839 | 0.592
3.110, 18.0 | 2.118 | 0.840 | 0.592
3.110, 19.0 | 2.118 | 0.840 | 0.592
3.110, 20.0 | 2.118 | 0.840 | 0.592
3.120, 0.0 | 2.145 | 0.843 | 0.562
3.120, 1.0 | 2.143 | 0.842 | 0.565
3.120, 2.0 | 2.141 | 0.842 | 0.567
3.120, 3.0 | 2.139 | 0.842 | 0.569
3.120, 4.0 | 2.138 | 0.842 | 0.571
3.120, 5.0 | 2.136 | 0.841 | 0.572
3.120, 6.0 | 2.135 | 0.841 | 0.574
3.120, 7.0 | 2.133 | 0.841 | 0.575
3.120, 8.0 | 2.132 | 0.841 | 0.577
3.120, 9.0 | 2.131 | 0.841 | 0.578
3.120, 10.0 | 2.130 | 0.841 | 0.579
3.120, 11.0 | 2.129 | 0.841 | 0.580
3.120, 12.0 | 2.128 | 0.841 | 0.581
3.120, 13.0 | 2.127 | 0.841 | 0.582
3.120, 14.0 | 2.127 | 0.841 | 0.582
3.120, 15.0 | 2.126 | 0.841 | 0.583
3.120, 16.0 | 2.126 | 0.841 | 0.583
3.120, 17.0 | 2.126 | 0.841 | 0.583
3.120, 18.0 | 2.125 | 0.842 | 0.583
3.120, 19.0 | 2.125 | 0.842 | 0.583
3.120, 20.0 | 2.125 | 0.842 | 0.583
3.130, 0.0 | 2.151 | 0.845 | 0.554
3.130, 1.0 | 2.149 | 0.844 | 0.556
3.130, 2.0 | 2.148 | 0.844 | 0.558
3.130, 3.0 | 2.146 | 0.844 | 0.560
3.130, 4.0 | 2.144 | 0.844 | 0.562
3.130, 5.0 | 2.143 | 0.844 | 0.564
3.130, 6.0 | 2.141 | 0.843 | 0.565
3.130, 7.0 | 2.140 | 0.843 | 0.567
3.130, 8.0 | 2.139 | 0.843 | 0.568
3.130, 9.0 | 2.138 | 0.843 | 0.569
3.130, 10.0 | 2.137 | 0.843 | 0.570
3.130, 11.0 | 2.136 | 0.843 | 0.571
3.130, 12.0 | 2.135 | 0.843 | 0.572
3.130, 13.0 | 2.134 | 0.843 | 0.573
3.130, 14.0 | 2.134 | 0.843 | 0.573
3.130, 15.0 | 2.133 | 0.843 | 0.574
3.130, 16.0 | 2.133 | 0.843 | 0.574
3.130, 17.0 | 2.132 | 0.844 | 0.574
3.130, 18.0 | 2.132 | 0.844 | 0.574
3.130, 19.0 | 2.132 | 0.844 | 0.574
3.130, 20.0 | 2.132 | 0.844 | 0.574
3.140, 0.0 | 2.158 | 0.847 | 0.545
3.140, 1.0 | 2.156 | 0.847 | 0.547
3.140, 2.0 | 2.154 | 0.846 | 0.549
3.140, 3.0 | 2.153 | 0.846 | 0.551
3.140, 4.0 | 2.151 | 0.846 | 0.553
3.140, 5.0 | 2.150 | 0.846 | 0.555
3.140, 6.0 | 2.148 | 0.845 | 0.556
3.140, 7.0 | 2.147 | 0.845 | 0.558
3.140, 8.0 | 2.146 | 0.845 | 0.559
3.140, 9.0 | 2.145 | 0.845 | 0.560
3.140, 10.0 | 2.144 | 0.845 | 0.561
3.140, 11.0 | 2.143 | 0.845 | 0.562
3.140, 12.0 | 2.142 | 0.845 | 0.563
3.140, 13.0 | 2.141 | 0.845 | 0.564
3.140, 14.0 | 2.140 | 0.845 | 0.564
3.140, 15.0 | 2.140 | 0.845 | 0.565
3.140, 16.0 | 2.139 | 0.845 | 0.565
3.140, 17.0 | 2.139 | 0.846 | 0.565
3.140, 18.0 | 2.139 | 0.846 | 0.565
3.140, 19.0 | 2.139 | 0.846 | 0.565
3.140, 20.0 | 2.139 | 0.846 | 0.565
3.150, 0.0 | 2.165 | 0.849 | 0.536
3.150, 1.0 | 2.163 | 0.849 | 0.539
3.150, 2.0 | 2.161 | 0.848 | 0.541
3.150, 3.0 | 2.159 | 0.848 | 0.543
3.150, 4.0 | 2.158 | 0.848 | 0.544
3.150, 5.0 | 2.156 | 0.848 | 0.546
3.150, 6.0 | 2.155 | 0.848 | 0.548
3.150, 7.0 | 2.154 | 0.847 | 0.549
3.150, 8.0 | 2.152 | 0.847 | 0.550
3.150, 9.0 | 2.151 | 0.847 | 0.551
3.150, 10.0 | 2.150 | 0.847 | 0.552
3.150, 11.0 | 2.149 | 0.847 | 0.553
3.150, 12.0 | 2.149 | 0.847 | 0.554
3.150, 13.0 | 2.148 | 0.847 | 0.555
3.150, 14.0 | 2.147 | 0.847 | 0.555
3.150, 15.0 | 2.147 | 0.847 | 0.556
3.150, 16.0 | 2.146 | 0.848 | 0.556
3.150, 17.0 | 2.146 | 0.848 | 0.556
3.150, 18.0 | 2.146 | 0.848 | 0.556
3.150, 19.0 | 2.146 | 0.848 | 0.556
3.150, 20.0 | 2.145 | 0.849 | 0.556
3.160, 0.0 | 2.171 | 0.851 | 0.528
3.160, 1.0 | 2.169 | 0.851 | 0.530
3.160, 2.0 | 2.168 | 0.850 | 0.532
3.160, 3.0 | 2.166 | 0.850 | 0.534
3.160, 4.0 | 2.164 | 0.850 | 0.535
3.160, 5.0 | 2.163 | 0.850 | 0.537
3.160, 6.0 | 2.162 | 0.850 | 0.539
3.160, 7.0 | 2.160 | 0.850 | 0.540
3.160, 8.0 | 2.159 | 0.849 | 0.541
3.160, 9.0 | 2.158 | 0.849 | 0.543
3.160, 10.0 | 2.157 | 0.849 | 0.544
3.160, 11.0 | 2.156 | 0.849 | 0.544
3.160, 12.0 | 2.155 | 0.849 | 0.545
3.160, 13.0 | 2.155 | 0.849 | 0.546
3.160, 14.0 | 2.154 | 0.850 | 0.546
3.160, 15.0 | 2.154 | 0.850 | 0.547
3.160, 16.0 | 2.153 | 0.850 | 0.547
3.160, 17.0 | 2.153 | 0.850 | 0.547
3.160, 18.0 | 2.153 | 0.850 | 0.547
3.160, 19.0 | 2.152 | 0.850 | 0.547
3.160, 20.0 | 2.152 | 0.851 | 0.547
3.170, 0.0 | 2.178 | 0.853 | 0.519
3.170, 1.0 | 2.176 | 0.853 | 0.521
3.170, 2.0 | 2.174 | 0.853 | 0.523
3.170, 3.0 | 2.173 | 0.852 | 0.525
3.170, 4.0 | 2.171 | 0.852 | 0.527
3.170, 5.0 | 2.170 | 0.852 | 0.528
3.170, 6.0 | 2.168 | 0.852 | 0.530
3.170, 7.0 | 2.167 | 0.852 | 0.531
3.170, 8.0 | 2.166 | 0.852 | 0.532
3.170, 9.0 | 2.165 | 0.852 | 0.534
3.170, 10.0 | 2.164 | 0.852 | 0.535
3.170, 11.0 | 2.163 | 0.852 | 0.536
3.170, 12.0 | 2.162 | 0.852 | 0.536
3.170, 13.0 | 2.161 | 0.852 | 0.537
3.170, 14.0 | 2.161 | 0.852 | 0.537
3.170, 15.0 | 2.160 | 0.852 | 0.538
3.170, 16.0 | 2.160 | 0.852 | 0.538
3.170, 17.0 | 2.160 | 0.852 | 0.538
3.170, 18.0 | 2.159 | 0.852 | 0.538
3.170, 19.0 | 2.159 | 0.853 | 0.538
3.170, 20.0 | 2.159 | 0.853 | 0.538
3.180, 0.0 | 2.185 | 0.855 | 0.510
3.180, 1.0 | 2.183 | 0.855 | 0.512
3.180, 2.0 | 2.181 | 0.855 | 0.514
3.180, 3.0 | 2.179 | 0.855 | 0.516
3.180, 4.0 | 2.178 | 0.854 | 0.518
3.180, 5.0 | 2.176 | 0.854 | 0.519
3.180, 6.0 | 2.175 | 0.854 | 0.521
3.180, 7.0 | 2.174 | 0.854 | 0.522
3.180, 8.0 | 2.173 | 0.854 | 0.524
3.180, 9.0 | 2.172 | 0.854 | 0.525
3.180, 10.0 | 2.171 | 0.854 | 0.526
3.180, 11.0 | 2.170 | 0.854 | 0.527
3.180, 12.0 | 2.169 | 0.854 | 0.527
3.180, 13.0 | 2.168 | 0.854 | 0.528
3.180, 14.0 | 2.168 | 0.854 | 0.529
3.180, 15.0 | 2.167 | 0.854 | 0.529
3.180, 16.0 | 2.167 | 0.854 | 0.529
3.180, 17.0 | 2.166 | 0.854 | 0.529
3.180, 18.0 | 2.166 | 0.855 | 0.529
3.180, 19.0 | 2.166 | 0.855 | 0.529
3.180, 20.0 | 2.166 | 0.855 | 0.529
3.190, 0.0 | 2.191 | 0.858 | 0.501
3.190, 1.0 | 2.189 | 0.857 | 0.503
3.190, 2.0 | 2.188 | 0.857 | 0.505
3.190, 3.0 | 2.186 | 0.857 | 0.507
3.190, 4.0 | 2.185 | 0.857 | 0.509
3.190, 5.0 | 2.183 | 0.856 | 0.510
3.190, 6.0 | 2.182 | 0.856 | 0.512
3.190, 7.0 | 2.181 | 0.856 | 0.513
3.190, 8.0 | 2.179 | 0.856 | 0.515
3.190, 9.0 | 2.178 | 0.856 | 0.516
3.190, 10.0 | 2.177 | 0.856 | 0.517
3.190, 11.0 | 2.177 | 0.856 | 0.518
3.190, 12.0 | 2.176 | 0.856 | 0.518
3.190, 13.0 | 2.175 | 0.856 | 0.519
3.190, 14.0 | 2.174 | 0.856 | 0.519
3.190, 15.0 | 2.174 | 0.856 | 0.520
3.190, 16.0 | 2.174 | 0.856 | 0.520
3.190, 17.0 | 2.173 | 0.857 | 0.520
3.190, 18.0 | 2.173 | 0.857 | 0.520
3.190, 19.0 | 2.173 | 0.857 | 0.520
3.190, 20.0 | 2.173 | 0.857 | 0.520
3.200, 0.0 | 2.198 | 0.860 | 0.492
3.200, 1.0 | 2.196 | 0.859 | 0.494
3.200, 2.0 | 2.194 | 0.859 | 0.496
3.200, 3.0 | 2.193 | 0.859 | 0.498
3.200, 4.0 | 2.191 | 0.859 | 0.500
3.200, 5.0 | 2.190 | 0.859 | 0.502
3.200, 6.0 | 2.189 | 0.858 | 0.503
3.200, 7.0 | 2.187 | 0.858 | 0.504
3.200, 8.0 | 2.186 | 0.858 | 0.506
3.200, 9.0 | 2.185 | 0.858 | 0.507
3.200, 10.0 | 2.184 | 0.858 | 0.508
3.200, 11.0 | 2.183 | 0.858 | 0.509
3.200, 12.0 | 2.182 | 0.858 | 0.509
3.200, 13.0 | 2.182 | 0.858 | 0.510
3.200, 14.0 | 2.181 | 0.858 | 0.510
3.200, 15.0 | 2.181 | 0.858 | 0.511
3.200, 16.0 | 2.180 | 0.859 | 0.511
3.200, 17.0 | 2.180 | 0.859 | 0.511
3.200, 18.0 | 2.180 | 0.859 | 0.511
3.200, 19.0 | 2.180 | 0.859 | 0.511
3.200, 20.0 | 2.180 | 0.860 | 0.511
3.210, 0.0 | 2.204 | 0.862 | 0.484
3.210, 1.0 | 2.203 | 0.862 | 0.486
3.210, 2.0 | 2.201 | 0.861 | 0.487
3.210, 3.0 | 2.199 | 0.861 | 0.489
3.210, 4.0 | 2.198 | 0.861 | 0.491
3.210, 5.0 | 2.197 | 0.861 | 0.493
3.210, 6.0 | 2.195 | 0.861 | 0.494
3.210, 7.0 | 2.194 | 0.861 | 0.495
3.210, 8.0 | 2.193 | 0.861 | 0.497
3.210, 9.0 | 2.192 | 0.860 | 0.498
3.210, 10.0 | 2.191 | 0.860 | 0.499
3.210, 11.0 | 2.190 | 0.860 | 0.500
3.210, 12.0 | 2.189 | 0.860 | 0.500
3.210, 13.0 | 2.189 | 0.861 | 0.501
3.210, 14.0 | 2.188 | 0.861 | 0.501
3.210, 15.0 | 2.187 | 0.861 | 0.502
3.210, 16.0 | 2.187 | 0.861 | 0.502
3.210, 17.0 | 2.187 | 0.861 | 0.502
3.210, 18.0 | 2.187 | 0.861 | 0.502
3.210, 19.0 | 2.186 | 0.862 | 0.502
3.210, 20.0 | 2.186 | 0.862 | 0.502
3.220, 0.0 | 2.211 | 0.864 | 0.475
3.220, 1.0 | 2.209 | 0.864 | 0.477
3.220, 2.0 | 2.208 | 0.864 | 0.479
3.220, 3.0 | 2.206 | 0.863 | 0.480
3.220, 4.0 | 2.205 | 0.863 | 0.482
3.220, 5.0 | 2.203 | 0.863 | 0.484
3.220, 6.0 | 2.202 | 0.863 | 0.485
3.220, 7.0 | 2.201 | 0.863 | 0.486
3.220, 8.0 | 2.200 | 0.863 | 0.488
3.220, 9.0 | 2.199 | 0.863 | 0.489
3.220, 10.0 | 2.198 | 0.863 | 0.490
3.220, 11.0 | 2.197 | 0.863 | 0.490
3.220, 12.0 | 2.196 | 0.863 | 0.491
3.220, 13.0 | 2.195 | 0.863 | 0.492
3.220, 14.0 | 2.195 | 0.863 | 0.492
3.220, 15.0 | 2.194 | 0.863 | 0.493
3.220, 16.0 | 2.194 | 0.863 | 0.493
3.220, 17.0 | 2.194 | 0.863 | 0.493
3.220, 18.0 | 2.193 | 0.864 | 0.493
3.220, 19.0 | 2.193 | 0.864 | 0.493
3.220, 20.0 | 2.193 | 0.864 | 0.493
3.230, 0.0 | 2.218 | 0.867 | 0.466
3.230, 1.0 | 2.216 | 0.866 | 0.468
3.230, 2.0 | 2.214 | 0.866 | 0.470
3.230, 3.0 | 2.213 | 0.866 | 0.471
3.230, 4.0 | 2.211 | 0.866 | 0.473
3.230, 5.0 | 2.210 | 0.865 | 0.475
3.230, 6.0 | 2.209 | 0.865 | 0.476
3.230, 7.0 | 2.208 | 0.865 | 0.477
3.230, 8.0 | 2.206 | 0.865 | 0.479
3.230, 9.0 | 2.205 | 0.865 | 0.480
3.230, 10.0 | 2.204 | 0.865 | 0.481
3.230, 11.0 | 2.204 | 0.865 | 0.481
3.230, 12.0 | 2.203 | 0.865 | 0.482
3.230, 13.0 | 2.202 | 0.865 | 0.483
3.230, 14.0 | 2.202 | 0.865 | 0.483
3.230, 15.0 | 2.201 | 0.865 | 0.484
3.230, 16.0 | 2.201 | 0.866 | 0.484
3.230, 17.0 | 2.200 | 0.866 | 0.484
3.230, 18.0 | 2.200 | 0.866 | 0.484
3.230, 19.0 | 2.200 | 0.866 | 0.484
3.230, 20.0 | 2.200 | 0.867 | 0.483
3.240, 0.0 | 2.224 | 0.869 | 0.457
3.240, 1.0 | 2.223 | 0.869 | 0.459
3.240, 2.0 | 2.221 | 0.868 | 0.461
3.240, 3.0 | 2.220 | 0.868 | 0.462
3.240, 4.0 | 2.218 | 0.868 | 0.464
3.240, 5.0 | 2.217 | 0.868 | 0.466
3.240, 6.0 | 2.215 | 0.868 | 0.467
3.240, 7.0 | 2.214 | 0.867 | 0.468
3.240, 8.0 | 2.213 | 0.867 | 0.469
3.240, 9.0 | 2.212 | 0.867 | 0.470
3.240, 10.0 | 2.211 | 0.867 | 0.471
3.240, 11.0 | 2.210 | 0.867 | 0.472
3.240, 12.0 | 2.210 | 0.867 | 0.473
3.240, 13.0 | 2.209 | 0.867 | 0.474
3.240, 14.0 | 2.208 | 0.868 | 0.474
3.240, 15.0 | 2.208 | 0.868 | 0.474
3.240, 16.0 | 2.207 | 0.868 | 0.475
3.240, 17.0 | 2.207 | 0.868 | 0.475
3.240, 18.0 | 2.207 | 0.868 | 0.475
3.240, 19.0 | 2.207 | 0.869 | 0.475
3.240, 20.0 | 2.207 | 0.869 | 0.474
3.250, 0.0 | 2.231 | 0.871 | 0.448
3.250, 1.0 | 2.229 | 0.871 | 0.450
3.250, 2.0 | 2.228 | 0.871 | 0.452
3.250, 3.0 | 2.226 | 0.870 | 0.453
3.250, 4.0 | 2.225 | 0.870 | 0.455
3.250, 5.0 | 2.223 | 0.870 | 0.456
3.250, 6.0 | 2.222 | 0.870 | 0.458
3.250, 7.0 | 2.221 | 0.870 | 0.459
3.250, 8.0 | 2.220 | 0.870 | 0.460
3.250, 9.0 | 2.219 | 0.870 | 0.461
3.250, 10.0 | 2.218 | 0.870 | 0.462
3.250, 11.0 | 2.217 | 0.870 | 0.463
3.250, 12.0 | 2.216 | 0.870 | 0.464
3.250, 13.0 | 2.216 | 0.870 | 0.464
3.250, 14.0 | 2.215 | 0.870 | 0.465
3.250, 15.0 | 2.215 | 0.870 | 0.465
3.250, 16.0 | 2.214 | 0.870 | 0.465
3.250, 17.0 | 2.214 | 0.870 | 0.466
3.250, 18.0 | 2.214 | 0.871 | 0.466
3.250, 19.0 | 2.214 | 0.871 | 0.465
3.250, 20.0 | 2.214 | 0.871 | 0.465
3.260, 0.0 | 2.238 | 0.874 | 0.439
3.260, 1.0 | 2.236 | 0.873 | 0.441
3.260, 2.0 | 2.234 | 0.873 | 0.443
3.260, 3.0 | 2.233 | 0.873 | 0.444
3.260, 4.0 | 2.232 | 0.873 | 0.446
3.260, 5.0 | 2.230 | 0.872 | 0.447
3.260, 6.0 | 2.229 | 0.872 | 0.449
3.260, 7.0 | 2.228 | 0.872 | 0.450
3.260, 8.0 | 2.227 | 0.872 | 0.451
3.260, 9.0 | 2.226 | 0.872 | 0.452
3.260, 10.0 | 2.225 | 0.872 | 0.453
3.260, 11.0 | 2.224 | 0.872 | 0.454
3.260, 12.0 | 2.223 | 0.872 | 0.455
3.260, 13.0 | 2.223 | 0.872 | 0.455
3.260, 14.0 | 2.222 | 0.872 | 0.456
3.260, 15.0 | 2.222 | 0.872 | 0.456
3.260, 16.0 | 2.221 | 0.873 | 0.456
3.260, 17.0 | 2.221 | 0.873 | 0.456
3.260, 18.0 | 2.221 | 0.873 | 0.456
3.260, 19.0 | 2.220 | 0.873 | 0.456
3.260, 20.0 | 2.220 | 0.874 | 0.456
3.270, 0.0 | 2.244 | 0.876 | 0.430
3.270, 1.0 | 2.243 | 0.876 | 0.432
3.270, 2.0 | 2.241 | 0.875 | 0.433
3.270, 3.0 | 2.240 | 0.875 | 0.435
3.270, 4.0 | 2.238 | 0.875 | 0.437
3.270, 5.0 | 2.237 | 0.875 | 0.438
3.270, 6.0 | 2.236 | 0.875 | 0.440
3.270, 7.0 | 2.235 | 0.875 | 0.441
3.270, 8.0 | 2.233 | 0.875 | 0.442
3.270, 9.0 | 2.232 | 0.875 | 0.443
3.270, 10.0 | 2.232 | 0.874 | 0.444
3.270, 11.0 | 2.231 | 0.875 | 0.445
3.270, 12.0 | 2.230 | 0.875 | 0.445
3.270, 13.0 | 2.229 | 0.875 | 0.446
3.270, 14.0 | 2.229 | 0.875 | 0.446
3.270, 15.0 | 2.228 | 0.875 | 0.447
3.270, 16.0 | 2.228 | 0.875 | 0.447
3.270, 17.0 | 2.228 | 0.875 | 0.447
3.270, 18.0 | 2.227 | 0.876 | 0.447
3.270, 19.0 | 2.227 | 0.876 | 0.447
3.270, 20.0 | 2.227 | 0.876 | 0.447
3.280, 0.0 | 2.251 | 0.878 | 0.421
3.280, 1.0 | 2.249 | 0.878 | 0.423
3.280, 2.0 | 2.248 | 0.878 | 0.424
3.280, 3.0 | 2.246 | 0.878 | 0.426
3.280, 4.0 | 2.245 | 0.877 | 0.428
3.280, 5.0 | 2.244 | 0.877 | 0.429
3.280, 6.0 | 2.242 | 0.877 | 0.430
3.280, 7.0 | 2.241 | 0.877 | 0.432
3.280, 8.0 | 2.240 | 0.877 | 0.433
3.280, 9.0 | 2.239 | 0.877 | 0.434
3.280, 10.0 | 2.238 | 0.877 | 0.435
3.280, 11.0 | 2.238 | 0.877 | 0.436
3.280, 12.0 | 2.237 | 0.877 | 0.436
3.280, 13.0 | 2.236 | 0.877 | 0.437
3.280, 14.0 | 2.236 | 0.877 | 0.437
3.280, 15.0 | 2.235 | 0.877 | 0.438
3.280, 16.0 | 2.235 | 0.878 | 0.438
3.280, 17.0 | 2.234 | 0.878 | 0.438
3.280, 18.0 | 2.234 | 0.878 | 0.438
3.280, 19.0 | 2.234 | 0.878 | 0.438
3.280, 20.0 | 2.234 | 0.879 | 0.437
3.290, 0.0 | 2.258 | 0.881 | 0.411
3.290, 1.0 | 2.256 | 0.881 | 0.413
3.290, 2.0 | 2.255 | 0.880 | 0.415
3.290, 3.0 | 2.253 | 0.880 | 0.417
3.290, 4.0 | 2.252 | 0.880 | 0.418
3.290, 5.0 | 2.250 | 0.880 | 0.420
3.290, 6.0 | 2.249 | 0.880 | 0.421
3.290, 7.0 | 2.248 | 0.879 | 0.423
3.290, 8.0 | 2.247 | 0.879 | 0.424
3.290, 9.0 | 2.246 | 0.879 | 0.425
3.290, 10.0 | 2.245 | 0.879 | 0.426
3.290, 11.0 | 2.244 | 0.879 | 0.426
3.290, 12.0 | 2.244 | 0.879 | 0.427
3.290, 13.0 | 2.243 | 0.880 | 0.428
3.290, 14.0 | 2.242 | 0.880 | 0.428
3.290, 15.0 | 2.242 | 0.880 | 0.428
3.290, 16.0 | 2.242 | 0.880 | 0.428
3.290, 17.0 | 2.241 | 0.880 | 0.429
3.290, 18.0 | 2.241 | 0.880 | 0.429
3.290, 19.0 | 2.241 | 0.881 | 0.428
3.290, 20.0 | 2.241 | 0.881 | 0.428
3.300, 0.0 | 2.264 | 0.883 | 0.402
3.300, 1.0 | 2.263 | 0.883 | 0.404
3.300, 2.0 | 2.261 | 0.883 | 0.406
3.300, 3.0 | 2.260 | 0.883 | 0.408
3.300, 4.0 | 2.258 | 0.882 | 0.409
3.300, 5.0 | 2.257 | 0.882 | 0.411
3.300, 6.0 | 2.256 | 0.882 | 0.412
3.300, 7.0 | 2.255 | 0.882 | 0.413
3.300, 8.0 | 2.254 | 0.882 | 0.414
3.300, 9.0 | 2.253 | 0.882 | 0.415
3.300, 10.0 | 2.252 | 0.882 | 0.416
3.300, 11.0 | 2.251 | 0.882 | 0.417
3.300, 12.0 | 2.250 | 0.882 | 0.418
3.300, 13.0 | 2.250 | 0.882 | 0.418
3.300, 14.0 | 2.249 | 0.882 | 0.419
3.300, 15.0 | 2.249 | 0.882 | 0.419
3.300, 16.0 | 2.248 | 0.883 | 0.419
3.300, 17.0 | 2.248 | 0.883 | 0.419
3.300, 18.0 | 2.248 | 0.883 | 0.419
3.300, 19.0 | 2.248 | 0.883 | 0.419
3.300, 20.0 | 2.248 | 0.884 | 0.419
3.310, 0.0 | 2.271 | 0.886 | 0.393
3.310, 1.0 | 2.269 | 0.886 | 0.395
3.310, 2.0 | 2.268 | 0.885 | 0.397
3.310, 3.0 | 2.266 | 0.885 | 0.398
3.310, 4.0 | 2.265 | 0.885 | 0.400
3.310, 5.0 | 2.264 | 0.885 | 0.401
3.310, 6.0 | 2.263 | 0.885 | 0.403
3.310, 7.0 | 2.261 | 0.885 | 0.404
3.310, 8.0 | 2.260 | 0.884 | 0.405
3.310, 9.0 | 2.259 | 0.884 | 0.406
3.310, 10.0 | 2.259 | 0.884 | 0.407
3.310, 11.0 | 2.258 | 0.884 | 0.408
3.310, 12.0 | 2.257 | 0.885 | 0.408
3.310, 13.0 | 2.257 | 0.885 | 0.409
3.310, 14.0 | 2.256 | 0.885 | 0.409
3.310, 15.0 | 2.256 | 0.885 | 0.410
3.310, 16.0 | 2.255 | 0.885 | 0.410
3.310, 17.0 | 2.255 | 0.885 | 0.410
3.310, 18.0 | 2.255 | 0.886 | 0.410
3.310, 19.0 | 2.255 | 0.886 | 0.410
3.310, 20.0 | 2.255 | 0.886 | 0.409
3.320, 0.0 | 2.278 | 0.888 | 0.384
3.320, 1.0 | 2.276 | 0.888 | 0.386
3.320, 2.0 | 2.275 | 0.888 | 0.388
3.320, 3.0 | 2.273 | 0.888 | 0.389
3.320, 4.0 | 2.272 | 0.887 | 0.391
3.320, 5.0 | 2.271 | 0.887 | 0.392
3.320, 6.0 | 2.269 | 0.887 | 0.393
3.320, 7.0 | 2.268 | 0.887 | 0.395
3.320, 8.0 | 2.267 | 0.887 | 0.396
3.320, 9.0 | 2.266 | 0.887 | 0.397
3.320, 10.0 | 2.265 | 0.887 | 0.398
3.320, 11.0 | 2.265 | 0.887 | 0.398
3.320, 12.0 | 2.264 | 0.887 | 0.399
3.320, 13.0 | 2.263 | 0.887 | 0.400
3.320, 14.0 | 2.263 | 0.887 | 0.400
3.320, 15.0 | 2.262 | 0.887 | 0.400
3.320, 16.0 | 2.262 | 0.888 | 0.400
3.320, 17.0 | 2.262 | 0.888 | 0.400
3.320, 18.0 | 2.261 | 0.888 | 0.400
3.320, 19.0 | 2.261 | 0.888 | 0.400
3.320, 20.0 | 2.261 | 0.889 | 0.400
3.330, 0.0 | 2.284 | 0.891 | 0.383
3.330, 1.0 | 2.283 | 0.891 | 0.382
3.330, 2.0 | 2.281 | 0.890 | 0.381
3.330, 3.0 | 2.280 | 0.890 | 0.380
3.330, 4.0 | 2.279 | 0.890 | 0.381
3.330, 5.0 | 2.277 | 0.890 | 0.383
3.330, 6.0 | 2.276 | 0.890 | 0.384
3.330, 7.0 | 2.275 | 0.890 | 0.385
3.330, 8.0 | 2.274 | 0.890 | 0.386
3.330, 9.0 | 2.273 | 0.890 | 0.387
3.330, 10.0 | 2.272 | 0.890 | 0.388
3.330, 11.0 | 2.271 | 0.890 | 0.389
3.330, 12.0 | 2.271 | 0.890 | 0.390
3.330, 13.0 | 2.270 | 0.890 | 0.390
3.330, 14.0 | 2.270 | 0.890 | 0.391
3.330, 15.0 | 2.269 | 0.890 | 0.391
3.330, 16.0 | 2.269 | 0.890 | 0.391
3.330, 17.0 | 2.268 | 0.890 | 0.391
3.330, 18.0 | 2.268 | 0.891 | 0.391
3.330, 19.0 | 2.268 | 0.891 | 0.391
3.330, 20.0 | 2.268 | 0.891 | 0.391
3.340, 0.0 | 2.291 | 0.894 | 0.387
3.340, 1.0 | 2.289 | 0.893 | 0.386
3.340, 2.0 | 2.288 | 0.893 | 0.385
3.340, 3.0 | 2.287 | 0.893 | 0.384
3.340, 4.0 | 2.285 | 0.893 | 0.383
3.340, 5.0 | 2.284 | 0.892 | 0.381
3.340, 6.0 | 2.283 | 0.892 | 0.380
3.340, 7.0 | 2.282 | 0.892 | 0.379
3.340, 8.0 | 2.281 | 0.892 | 0.378
3.340, 9.0 | 2.280 | 0.892 | 0.378
3.340, 10.0 | 2.279 | 0.892 | 0.379
3.340, 11.0 | 2.278 | 0.892 | 0.380
3.340, 12.0 | 2.278 | 0.892 | 0.380
3.340, 13.0 | 2.277 | 0.892 | 0.381
3.340, 14.0 | 2.276 | 0.893 | 0.381
3.340, 15.0 | 2.276 | 0.893 | 0.381
3.340, 16.0 | 2.276 | 0.893 | 0.382
3.340, 17.0 | 2.275 | 0.893 | 0.382
3.340, 18.0 | 2.275 | 0.893 | 0.382
3.340, 19.0 | 2.275 | 0.894 | 0.381
3.340, 20.0 | 2.275 | 0.894 | 0.381
3.350, 0.0 | 2.298 | 0.896 | 0.392
3.350, 1.0 | 2.296 | 0.896 | 0.390
3.350, 2.0 | 2.295 | 0.896 | 0.389
3.350, 3.0 | 2.293 | 0.895 | 0.388
3.350, 4.0 | 2.292 | 0.895 | 0.387
3.350, 5.0 | 2.291 | 0.895 | 0.386
3.350, 6.0 | 2.290 | 0.895 | 0.385
3.350, 7.0 | 2.288 | 0.895 | 0.384
3.350, 8.0 | 2.287 | 0.895 | 0.383
3.350, 9.0 | 2.287 | 0.895 | 0.382
3.350, 10.0 | 2.286 | 0.895 | 0.381
3.350, 11.0 | 2.285 | 0.895 | 0.380
3.350, 12.0 | 2.284 | 0.895 | 0.379
3.350, 13.0 | 2.284 | 0.895 | 0.379
3.350, 14.0 | 2.283 | 0.895 | 0.378
3.350, 15.0 | 2.283 | 0.895 | 0.377
3.350, 16.0 | 2.282 | 0.896 | 0.377
3.350, 17.0 | 2.282 | 0.896 | 0.376
3.350, 18.0 | 2.282 | 0.896 | 0.376
3.350, 19.0 | 2.282 | 0.896 | 0.375
3.350, 20.0 | 2.282 | 0.897 | 0.375
3.360, 0.0 | 2.304 | 0.899 | 0.396
3.360, 1.0 | 2.303 | 0.899 | 0.394
3.360, 2.0 | 2.301 | 0.898 | 0.393
3.360, 3.0 | 2.300 | 0.898 | 0.392
3.360, 4.0 | 2.299 | 0.898 | 0.391
3.360, 5.0 | 2.297 | 0.898 | 0.390
3.360, 6.0 | 2.296 | 0.898 | 0.389
3.360, 7.0 | 2.295 | 0.898 | 0.388
3.360, 8.0 | 2.294 | 0.898 | 0.387
3.360, 9.0 | 2.293 | 0.897 | 0.386
3.360, 10.0 | 2.293 | 0.898 | 0.385
3.360, 11.0 | 2.292 | 0.898 | 0.384
3.360, 12.0 | 2.291 | 0.898 | 0.383
3.360, 13.0 | 2.290 | 0.898 | 0.383
3.360, 14.0 | 2.290 | 0.898 | 0.382
3.360, 15.0 | 2.290 | 0.898 | 0.382
3.360, 16.0 | 2.289 | 0.898 | 0.381
3.360, 17.0 | 2.289 | 0.898 | 0.380
3.360, 18.0 | 2.289 | 0.899 | 0.380
3.360, 19.0 | 2.289 | 0.899 | 0.380
3.360, 20.0 | 2.289 | 0.899 | 0.379
3.370, 0.0 | 2.311 | 0.901 | 0.400
3.370, 1.0 | 2.309 | 0.901 | 0.398
3.370, 2.0 | 2.308 | 0.901 | 0.397
3.370, 3.0 | 2.307 | 0.901 | 0.396
3.370, 4.0 | 2.305 | 0.901 | 0.395
3.370, 5.0 | 2.304 | 0.900 | 0.394
3.370, 6.0 | 2.303 | 0.900 | 0.393
3.370, 7.0 | 2.302 | 0.900 | 0.392
3.370, 8.0 | 2.301 | 0.900 | 0.391
3.370, 9.0 | 2.300 | 0.900 | 0.390
3.370, 10.0 | 2.299 | 0.900 | 0.389
3.370, 11.0 | 2.299 | 0.900 | 0.388
3.370, 12.0 | 2.298 | 0.900 | 0.388
3.370, 13.0 | 2.297 | 0.900 | 0.387
3.370, 14.0 | 2.297 | 0.901 | 0.386
3.370, 15.0 | 2.296 | 0.901 | 0.386
3.370, 16.0 | 2.296 | 0.901 | 0.385
3.370, 17.0 | 2.296 | 0.901 | 0.385
3.370, 18.0 | 2.296 | 0.901 | 0.384
3.370, 19.0 | 2.295 | 0.902 | 0.384
3.370, 20.0 | 2.295 | 0.902 | 0.383
3.380, 0.0 | 2.318 | 0.904 | 0.403
3.380, 1.0 | 2.316 | 0.904 | 0.402
3.380, 2.0 | 2.315 | 0.904 | 0.401
3.380, 3.0 | 2.313 | 0.903 | 0.400
3.380, 4.0 | 2.312 | 0.903 | 0.399
3.380, 5.0 | 2.311 | 0.903 | 0.398
3.380, 6.0 | 2.310 | 0.903 | 0.397
3.380, 7.0 | 2.309 | 0.903 | 0.396
3.380, 8.0 | 2.308 | 0.903 | 0.395
3.380, 9.0 | 2.307 | 0.903 | 0.394
3.380, 10.0 | 2.306 | 0.903 | 0.393
3.380, 11.0 | 2.305 | 0.903 | 0.392
3.380, 12.0 | 2.305 | 0.903 | 0.392
3.380, 13.0 | 2.304 | 0.903 | 0.391
3.380, 14.0 | 2.304 | 0.903 | 0.390
3.380, 15.0 | 2.303 | 0.903 | 0.390
3.380, 16.0 | 2.303 | 0.904 | 0.389
3.380, 17.0 | 2.302 | 0.904 | 0.389
3.380, 18.0 | 2.302 | 0.904 | 0.388
3.380, 19.0 | 2.302 | 0.904 | 0.388
3.380, 20.0 | 2.302 | 0.905 | 0.387
3.390, 0.0 | 2.324 | 0.907 | 0.407
3.390, 1.0 | 2.323 | 0.907 | 0.406
3.390, 2.0 | 2.321 | 0.906 | 0.405
3.390, 3.0 | 2.320 | 0.906 | 0.404
3.390, 4.0 | 2.319 | 0.906 | 0.403
3.390, 5.0 | 2.318 | 0.906 | 0.402
3.390, 6.0 | 2.317 | 0.906 | 0.401
3.390, 7.0 | 2.315 | 0.906 | 0.400
3.390, 8.0 | 2.315 | 0.906 | 0.399
3.390, 9.0 | 2.314 | 0.906 | 0.398
3.390, 10.0 | 2.313 | 0.906 | 0.397
3.390, 11.0 | 2.312 | 0.906 | 0.396
3.390, 12.0 | 2.311 | 0.906 | 0.396
3.390, 13.0 | 2.311 | 0.906 | 0.395
3.390, 14.0 | 2.310 | 0.906 | 0.394
3.390, 15.0 | 2.310 | 0.906 | 0.394
3.390, 16.0 | 2.310 | 0.906 | 0.393
3.390, 17.0 | 2.309 | 0.907 | 0.393
3.390, 18.0 | 2.309 | 0.907 | 0.392
3.390, 19.0 | 2.309 | 0.907 | 0.392
3.390, 20.0 | 2.309 | 0.908 | 0.391
3.400, 0.0 | 2.331 | 0.910 | 0.411
3.400, 1.0 | 2.330 | 0.909 | 0.410
3.400, 2.0 | 2.328 | 0.909 | 0.409
3.400, 3.0 | 2.327 | 0.909 | 0.408
3.400, 4.0 | 2.326 | 0.909 | 0.407
3.400, 5.0 | 2.324 | 0.909 | 0.406
3.400, 6.0 | 2.323 | 0.909 | 0.405
3.400, 7.0 | 2.322 | 0.908 | 0.404
3.400, 8.0 | 2.321 | 0.908 | 0.403
3.400, 9.0 | 2.320 | 0.908 | 0.402
3.400, 10.0 | 2.320 | 0.908 | 0.401
3.400, 11.0 | 2.319 | 0.908 | 0.400
3.400, 12.0 | 2.318 | 0.909 | 0.400
3.400, 13.0 | 2.318 | 0.909 | 0.399
3.400, 14.0 | 2.317 | 0.909 | 0.398
3.400, 15.0 | 2.317 | 0.909 | 0.398
3.400, 16.0 | 2.316 | 0.909 | 0.397
3.400, 17.0 | 2.316 | 0.909 | 0.397
3.400, 18.0 | 2.316 | 0.910 | 0.396
3.400, 19.0 | 2.316 | 0.910 | 0.396
3.400, 20.0 | 2.316 | 0.910 | 0.395
3.410, 0.0 | 2.338 | 0.912 | 0.415
3.410, 1.0 | 2.336 | 0.912 | 0.414
3.410, 2.0 | 2.335 | 0.912 | 0.413
3.410, 3.0 | 2.334 | 0.912 | 0.412
3.410, 4.0 | 2.332 | 0.912 | 0.411
3.410, 5.0 | 2.331 | 0.911 | 0.410
3.410, 6.0 | 2.330 | 0.911 | 0.409
3.410, 7.0 | 2.329 | 0.911 | 0.408
3.410, 8.0 | 2.328 | 0.911 | 0.407
3.410, 9.0 | 2.327 | 0.911 | 0.406
3.410, 10.0 | 2.326 | 0.911 | 0.405
3.410, 11.0 | 2.326 | 0.911 | 0.404
3.410, 12.0 | 2.325 | 0.911 | 0.404
3.410, 13.0 | 2.324 | 0.911 | 0.403
3.410, 14.0 | 2.324 | 0.912 | 0.402
3.410, 15.0 | 2.324 | 0.912 | 0.402
3.410, 16.0 | 2.323 | 0.912 | 0.401
3.410, 17.0 | 2.323 | 0.912 | 0.401
3.410, 18.0 | 2.323 | 0.913 | 0.400
3.410, 19.0 | 2.323 | 0.913 | 0.400
3.410, 20.0 | 2.323 | 0.913 | 0.399
3.420, 0.0 | 2.344 | 0.915 | 0.419
3.420, 1.0 | 2.343 | 0.915 | 0.418
3.420, 2.0 | 2.342 | 0.915 | 0.417
3.420, 3.0 | 2.340 | 0.915 | 0.416
3.420, 4.0 | 2.339 | 0.914 | 0.415
3.420, 5.0 | 2.338 | 0.914 | 0.414
3.420, 6.0 | 2.337 | 0.914 | 0.413
3.420, 7.0 | 2.336 | 0.914 | 0.412
3.420, 8.0 | 2.335 | 0.914 | 0.411
3.420, 9.0 | 2.334 | 0.914 | 0.410
3.420, 10.0 | 2.333 | 0.914 | 0.409
3.420, 11.0 | 2.332 | 0.914 | 0.408
3.420, 12.0 | 2.332 | 0.914 | 0.408
3.420, 13.0 | 2.331 | 0.914 | 0.407
3.420, 14.0 | 2.331 | 0.914 | 0.406
3.420, 15.0 | 2.330 | 0.915 | 0.406
3.420, 16.0 | 2.330 | 0.915 | 0.405
3.420, 17.0 | 2.330 | 0.915 | 0.405
3.420, 18.0 | 2.330 | 0.915 | 0.404
3.420, 19.0 | 2.329 | 0.916 | 0.404
3.420, 20.0 | 2.329 | 0.916 | 0.403
3.430, 0.0 | 2.351 | 0.918 | 0.423
3.430, 1.0 | 2.350 | 0.918 | 0.422
3.430, 2.0 | 2.348 | 0.918 | 0.421
3.430, 3.0 | 2.347 | 0.917 | 0.420
3.430, 4.0 | 2.346 | 0.917 | 0.418
3.430, 5.0 | 2.345 | 0.917 | 0.417
3.430, 6.0 | 2.344 | 0.917 | 0.416
3.430, 7.0 | 2.342 | 0.917 | 0.416
3.430, 8.0 | 2.342 | 0.917 | 0.415
3.430, 9.0 | 2.341 | 0.917 | 0.414
3.430, 10.0 | 2.340 | 0.917 | 0.413
3.430, 11.0 | 2.339 | 0.917 | 0.412
3.430, 12.0 | 2.339 | 0.917 | 0.412
3.430, 13.0 | 2.338 | 0.917 | 0.411
3.430, 14.0 | 2.338 | 0.917 | 0.410
3.430, 15.0 | 2.337 | 0.918 | 0.410
3.430, 16.0 | 2.337 | 0.918 | 0.409
3.430, 17.0 | 2.337 | 0.918 | 0.409
3.430, 18.0 | 2.336 | 0.918 | 0.408
3.430, 19.0 | 2.336 | 0.919 | 0.408
3.430, 20.0 | 2.336 | 0.919 | 0.407
3.440, 0.0 | 2.358 | 0.921 | 0.427
3.440, 1.0 | 2.356 | 0.921 | 0.426
3.440, 2.0 | 2.355 | 0.921 | 0.424
3.440, 3.0 | 2.354 | 0.920 | 0.423
3.440, 4.0 | 2.352 | 0.920 | 0.422
3.440, 5.0 | 2.351 | 0.920 | 0.421
3.440, 6.0 | 2.350 | 0.920 | 0.420
3.440, 7.0 | 2.349 | 0.920 | 0.419
3.440, 8.0 | 2.348 | 0.920 | 0.419
3.440, 9.0 | 2.348 | 0.920 | 0.418
3.440, 10.0 | 2.347 | 0.920 | 0.417
3.440, 11.0 | 2.346 | 0.920 | 0.416
3.440, 12.0 | 2.345 | 0.920 | 0.415
3.440, 13.0 | 2.345 | 0.920 | 0.415
3.440, 14.0 | 2.344 | 0.920 | 0.414
3.440, 15.0 | 2.344 | 0.920 | 0.414
3.440, 16.0 | 2.344 | 0.921 | 0.413
3.440, 17.0 | 2.343 | 0.921 | 0.412
3.440, 18.0 | 2.343 | 0.921 | 0.412
3.440, 19.0 | 2.343 | 0.921 | 0.412
3.440, 20.0 | 2.343 | 0.922 | 0.411
3.450, 0.0 | 2.364 | 0.924 | 0.431
3.450, 1.0 | 2.363 | 0.924 | 0.429
3.450, 2.0 | 2.362 | 0.923 | 0.428
3.450, 3.0 | 2.360 | 0.923 | 0.427
3.450, 4.0 | 2.359 | 0.923 | 0.426
3.450, 5.0 | 2.358 | 0.923 | 0.425
3.450, 6.0 | 2.357 | 0.923 | 0.424
3.450, 7.0 | 2.356 | 0.923 | 0.423
3.450, 8.0 | 2.355 | 0.923 | 0.422
3.450, 9.0 | 2.354 | 0.923 | 0.422
3.450, 10.0 | 2.354 | 0.923 | 0.421
3.450, 11.0 | 2.353 | 0.923 | 0.420
3.450, 12.0 | 2.352 | 0.923 | 0.419
3.450, 13.0 | 2.352 | 0.923 | 0.419
3.450, 14.0 | 2.351 | 0.923 | 0.418
3.450, 15.0 | 2.351 | 0.923 | 0.417
3.450, 16.0 | 2.350 | 0.924 | 0.417
3.450, 17.0 | 2.350 | 0.924 | 0.416
3.450, 18.0 | 2.350 | 0.924 | 0.416
3.450, 19.0 | 2.350 | 0.924 | 0.415
3.450, 20.0 | 2.350 | 0.925 | 0.415
3.460, 0.0 | 2.371 | 0.927 | 0.434
3.460, 1.0 | 2.370 | 0.927 | 0.433
3.460, 2.0 | 2.368 | 0.926 | 0.432
3.460, 3.0 | 2.367 | 0.926 | 0.431
3.460, 4.0 | 2.366 | 0.926 | 0.430
3.460, 5.0 | 2.365 | 0.926 | 0.429
3.460, 6.0 | 2.364 | 0.926 | 0.428
3.460, 7.0 | 2.363 | 0.926 | 0.427
3.460, 8.0 | 2.362 | 0.926 | 0.426
3.460, 9.0 | 2.361 | 0.926 | 0.425
3.460, 10.0 | 2.360 | 0.926 | 0.425
3.460, 11.0 | 2.360 | 0.926 | 0.424
3.460, 12.0 | 2.359 | 0.926 | 0.423
3.460, 13.0 | 2.358 | 0.926 | 0.422
3.460, 14.0 | 2.358 | 0.926 | 0.422
3.460, 15.0 | 2.358 | 0.926 | 0.421
3.460, 16.0 | 2.357 | 0.927 | 0.421
3.460, 17.0 | 2.357 | 0.927 | 0.420
3.460, 18.0 | 2.357 | 0.927 | 0.420
3.460, 19.0 | 2.357 | 0.927 | 0.419
3.460, 20.0 | 2.357 | 0.928 | 0.419
3.470, 0.0 | 2.378 | 0.930 | 0.438
3.470, 1.0 | 2.376 | 0.930 | 0.437
3.470, 2.0 | 2.375 | 0.929 | 0.436
3.470, 3.0 | 2.374 | 0.929 | 0.435
3.470, 4.0 | 2.373 | 0.929 | 0.434
3.470, 5.0 | 2.372 | 0.929 | 0.433
3.470, 6.0 | 2.371 | 0.929 | 0.432
3.470, 7.0 | 2.370 | 0.929 | 0.431
3.470, 8.0 | 2.369 | 0.929 | 0.430
3.470, 9.0 | 2.368 | 0.929 | 0.429
3.470, 10.0 | 2.367 | 0.929 | 0.428
3.470, 11.0 | 2.366 | 0.929 | 0.428
3.470, 12.0 | 2.366 | 0.929 | 0.427
3.470, 13.0 | 2.365 | 0.929 | 0.426
3.470, 14.0 | 2.365 | 0.929 | 0.426
3.470, 15.0 | 2.364 | 0.929 | 0.425
3.470, 16.0 | 2.364 | 0.930 | 0.424
3.470, 17.0 | 2.364 | 0.930 | 0.424
3.470, 18.0 | 2.364 | 0.930 | 0.423
3.470, 19.0 | 2.363 | 0.930 | 0.423
3.470, 20.0 | 2.363 | 0.931 | 0.423
3.480, 0.0 | 2.385 | 0.933 | 0.442
3.480, 1.0 | 2.383 | 0.933 | 0.440
3.480, 2.0 | 2.382 | 0.932 | 0.439
3.480, 3.0 | 2.381 | 0.932 | 0.438
3.480, 4.0 | 2.379 | 0.932 | 0.437
3.480, 5.0 | 2.378 | 0.932 | 0.436
3.480, 6.0 | 2.377 | 0.932 | 0.435
3.480, 7.0 | 2.376 | 0.932 | 0.435
3.480, 8.0 | 2.375 | 0.932 | 0.434
3.480, 9.0 | 2.375 | 0.932 | 0.433
3.480, 10.0 | 2.374 | 0.932 | 0.432
3.480, 11.0 | 2.373 | 0.932 | 0.431
3.480, 12.0 | 2.373 | 0.932 | 0.431
3.480, 13.0 | 2.372 | 0.932 | 0.430
3.480, 14.0 | 2.372 | 0.932 | 0.429
3.480, 15.0 | 2.371 | 0.932 | 0.429
3.480, 16.0 | 2.371 | 0.933 | 0.428
3.480, 17.0 | 2.371 | 0.933 | 0.428
3.480, 18.0 | 2.370 | 0.933 | 0.427
3.480, 19.0 | 2.370 | 0.934 | 0.427
3.480, 20.0 | 2.370 | 0.934 | 0.426
3.490, 0.0 | 2.391 | 0.936 | 0.445
3.490, 1.0 | 2.390 | 0.936 | 0.444
3.490, 2.0 | 2.389 | 0.935 | 0.443
3.490, 3.0 | 2.387 | 0.935 | 0.442
3.490, 4.0 | 2.386 | 0.935 | 0.441
3.490, 5.0 | 2.385 | 0.935 | 0.440
3.490, 6.0 | 2.384 | 0.935 | 0.439
3.490, 7.0 | 2.383 | 0.935 | 0.438
3.490, 8.0 | 2.382 | 0.935 | 0.437
3.490, 9.0 | 2.381 | 0.935 | 0.437
3.490, 10.0 | 2.381 | 0.935 | 0.436
3.490, 11.0 | 2.380 | 0.935 | 0.435
3.490, 12.0 | 2.379 | 0.935 | 0.434
3.490, 13.0 | 2.379 | 0.935 | 0.434
3.490, 14.0 | 2.378 | 0.935 | 0.433
3.490, 15.0 | 2.378 | 0.935 | 0.432
3.490, 16.0 | 2.378 | 0.936 | 0.432
3.490, 17.0 | 2.377 | 0.936 | 0.431
3.490, 18.0 | 2.377 | 0.936 | 0.431
3.490, 19.0 | 2.377 | 0.937 | 0.431
3.490, 20.0 | 2.377 | 0.937 | 0.430
3.500, 0.0 | 2.398 | 0.939 | 0.449
3.500, 1.0 | 2.397 | 0.939 | 0.448
3.500, 2.0 | 2.395 | 0.939 | 0.447
3.500, 3.0 | 2.394 | 0.938 | 0.446
3.500, 4.0 | 2.393 | 0.938 | 0.445
3.500, 5.0 | 2.392 | 0.938 | 0.444
3.500, 6.0 | 2.391 | 0.938 | 0.443
3.500, 7.0 | 2.390 | 0.938 | 0.442
3.500, 8.0 | 2.389 | 0.938 | 0.441
3.500, 9.0 | 2.388 | 0.938 | 0.440
3.500, 10.0 | 2.387 | 0.938 | 0.440
3.500, 11.0 | 2.387 | 0.938 | 0.439
3.500, 12.0 | 2.386 | 0.938 | 0.438
3.500, 13.0 | 2.386 | 0.938 | 0.437
3.500, 14.0 | 2.385 | 0.938 | 0.437
3.500, 15.0 | 2.385 | 0.939 | 0.436
3.500, 16.0 | 2.384 | 0.939 | 0.436
3.500, 17.0 | 2.384 | 0.939 | 0.435
3.500, 18.0 | 2.384 | 0.939 | 0.435
3.500, 19.0 | 2.384 | 0.940 | 0.434
3.500, 20.0 | 2.384 | 0.940 | 0.434
3.510, 0.0 | 2.405 | 0.942 | 0.453
3.510, 1.0 | 2.403 | 0.942 | 0.451
3.510, 2.0 | 2.402 | 0.942 | 0.450
3.510, 3.0 | 2.401 | 0.941 | 0.449
3.510, 4.0 | 2.400 | 0.941 | 0.448
3.510, 5.0 | 2.398 | 0.941 | 0.447
3.510, 6.0 | 2.397 | 0.941 | 0.446
3.510, 7.0 | 2.397 | 0.941 | 0.446
3.510, 8.0 | 2.396 | 0.941 | 0.445
3.510, 9.0 | 2.395 | 0.941 | 0.444
3.510, 10.0 | 2.394 | 0.941 | 0.443
3.510, 11.0 | 2.394 | 0.941 | 0.442
3.510, 12.0 | 2.393 | 0.941 | 0.442
3.510, 13.0 | 2.392 | 0.941 | 0.441
3.510, 14.0 | 2.392 | 0.941 | 0.440
3.510, 15.0 | 2.392 | 0.942 | 0.440
3.510, 16.0 | 2.391 | 0.942 | 0.439
3.510, 17.0 | 2.391 | 0.942 | 0.439
3.510, 18.0 | 2.391 | 0.942 | 0.438
3.510, 19.0 | 2.391 | 0.943 | 0.438
3.510, 20.0 | 2.391 | 0.943 | 0.438
3.520, 0.0 | 2.411 | 0.945 | 0.456
3.520, 1.0 | 2.410 | 0.945 | 0.455
3.520, 2.0 | 2.409 | 0.945 | 0.454
3.520, 3.0 | 2.407 | 0.945 | 0.453
3.520, 4.0 | 2.406 | 0.944 | 0.452
3.520, 5.0 | 2.405 | 0.944 | 0.451
3.520, 6.0 | 2.404 | 0.944 | 0.450
3.520, 7.0 | 2.403 | 0.944 | 0.449
3.520, 8.0 | 2.402 | 0.944 | 0.448
3.520, 9.0 | 2.402 | 0.944 | 0.448
3.520, 10.0 | 2.401 | 0.944 | 0.447
3.520, 11.0 | 2.400 | 0.944 | 0.446
3.520, 12.0 | 2.400 | 0.944 | 0.445
3.520, 13.0 | 2.399 | 0.944 | 0.445
3.520, 14.0 | 2.399 | 0.945 | 0.444
3.520, 15.0 | 2.398 | 0.945 | 0.444
3.520, 16.0 | 2.398 | 0.945 | 0.443
3.520, 17.0 | 2.398 | 0.945 | 0.442
3.520, 18.0 | 2.398 | 0.946 | 0.442
3.520, 19.0 | 2.398 | 0.946 | 0.442
3.520, 20.0 | 2.397 | 0.946 | 0.441
3.530, 0.0 | 2.418 | 0.948 | 0.460
3.530, 1.0 | 2.417 | 0.948 | 0.459
3.530, 2.0 | 2.415 | 0.948 | 0.457
3.530, 3.0 | 2.414 | 0.948 | 0.456
3.530, 4.0 | 2.413 | 0.948 | 0.456
3.530, 5.0 | 2.412 | 0.947 | 0.455
3.530, 6.0 | 2.411 | 0.947 | 0.454
3.530, 7.0 | 2.410 | 0.947 | 0.453
3.530, 8.0 | 2.409 | 0.947 | 0.452
3.530, 9.0 | 2.408 | 0.947 | 0.451
3.530, 10.0 | 2.408 | 0.947 | 0.450
3.530, 11.0 | 2.407 | 0.947 | 0.450
3.530, 12.0 | 2.407 | 0.948 | 0.449
3.530, 13.0 | 2.406 | 0.948 | 0.448
3.530, 14.0 | 2.406 | 0.948 | 0.448
3.530, 15.0 | 2.405 | 0.948 | 0.447
3.530, 16.0 | 2.405 | 0.948 | 0.447
3.530, 17.0 | 2.405 | 0.949 | 0.446
3.530, 18.0 | 2.404 | 0.949 | 0.446
3.530, 19.0 | 2.404 | 0.949 | 0.445
3.530, 20.0 | 2.404 | 0.950 | 0.445
3.540, 0.0 | 2.425 | 0.952 | 0.463
3.540, 1.0 | 2.423 | 0.951 | 0.462
3.540, 2.0 | 2.422 | 0.951 | 0.461
3.540, 3.0 | 2.421 | 0.951 | 0.460
3.540, 4.0 | 2.420 | 0.951 | 0.459
3.540, 5.0 | 2.419 | 0.951 | 0.458
3.540, 6.0 | 2.418 | 0.951 | 0.457
3.540, 7.0 | 2.417 | 0.951 | 0.456
3.540, 8.0 | 2.416 | 0.950 | 0.456
3.540, 9.0 | 2.415 | 0.950 | 0.455
3.540, 10.0 | 2.415 | 0.951 | 0.454
3.540, 11.0 | 2.414 | 0.951 | 0.453
3.540, 12.0 | 2.413 | 0.951 | 0.453
3.540, 13.0 | 2.413 | 0.951 | 0.452
3.540, 14.0 | 2.412 | 0.951 | 0.451
3.540, 15.0 | 2.412 | 0.951 | 0.451
3.540, 16.0 | 2.412 | 0.951 | 0.450
3.540, 17.0 | 2.411 | 0.952 | 0.450
3.540, 18.0 | 2.411 | 0.952 | 0.449
3.540, 19.0 | 2.411 | 0.952 | 0.449
3.540, 20.0 | 2.411 | 0.953 | 0.448
3.550, 0.0 | 2.431 | 0.955 | 0.467
3.550, 1.0 | 2.430 | 0.955 | 0.466
3.550, 2.0 | 2.429 | 0.954 | 0.465
3.550, 3.0 | 2.428 | 0.954 | 0.464
3.550, 4.0 | 2.427 | 0.954 | 0.463
3.550, 5.0 | 2.426 | 0.954 | 0.462
3.550, 6.0 | 2.425 | 0.954 | 0.461
3.550, 7.0 | 2.424 | 0.954 | 0.460
3.550, 8.0 | 2.423 | 0.954 | 0.459
3.550, 9.0 | 2.422 | 0.954 | 0.458
3.550, 10.0 | 2.421 | 0.954 | 0.458
3.550, 11.0 | 2.421 | 0.954 | 0.457
3.550, 12.0 | 2.420 | 0.954 | 0.456
3.550, 13.0 | 2.420 | 0.954 | 0.455
3.550, 14.0 | 2.419 | 0.954 | 0.455
3.550, 15.0 | 2.419 | 0.954 | 0.454
3.550, 16.0 | 2.418 | 0.955 | 0.454
3.550, 17.0 | 2.418 | 0.955 | 0.453
3.550, 18.0 | 2.418 | 0.955 | 0.453
3.550, 19.0 | 2.418 | 0.956 | 0.452
3.550, 20.0 | 2.418 | 0.956 | 0.452
3.560, 0.0 | 2.438 | 0.958 | 0.470
3.560, 1.0 | 2.437 | 0.958 | 0.469
3.560, 2.0 | 2.436 | 0.958 | 0.468
3.560, 3.0 | 2.434 | 0.957 | 0.467
3.560, 4.0 | 2.433 | 0.957 | 0.466
3.560, 5.0 | 2.432 | 0.957 | 0.465
3.560, 6.0 | 2.431 | 0.957 | 0.464
3.560, 7.0 | 2.430 | 0.957 | 0.463
3.560, 8.0 | 2.430 | 0.957 | 0.463
3.560, 9.0 | 2.429 | 0.957 | 0.462
3.560, 10.0 | 2.428 | 0.957 | 0.461
3.560, 11.0 | 2.427 | 0.957 | 0.460
3.560, 12.0 | 2.427 | 0.957 | 0.460
3.560, 13.0 | 2.426 | 0.957 | 0.459
3.560, 14.0 | 2.426 | 0.958 | 0.458
3.560, 15.0 | 2.426 | 0.958 | 0.458
3.560, 16.0 | 2.425 | 0.958 | 0.457
3.560, 17.0 | 2.425 | 0.958 | 0.457
3.560, 18.0 | 2.425 | 0.959 | 0.456
3.560, 19.0 | 2.425 | 0.959 | 0.456
3.560, 20.0 | 2.425 | 0.959 | 0.456
3.570, 0.0 | 2.445 | 0.961 | 0.473
3.570, 1.0 | 2.443 | 0.961 | 0.472
3.570, 2.0 | 2.442 | 0.961 | 0.471
3.570, 3.0 | 2.441 | 0.961 | 0.470
3.570, 4.0 | 2.440 | 0.961 | 0.470
3.570, 5.0 | 2.439 | 0.960 | 0.469
3.570, 6.0 | 2.438 | 0.960 | 0.468
3.570, 7.0 | 2.437 | 0.960 | 0.467
3.570, 8.0 | 2.436 | 0.960 | 0.466
3.570, 9.0 | 2.436 | 0.960 | 0.465
3.570, 10.0 | 2.435 | 0.960 | 0.465
3.570, 11.0 | 2.434 | 0.960 | 0.464
3.570, 12.0 | 2.434 | 0.961 | 0.463
3.570, 13.0 | 2.433 | 0.961 | 0.463
3.570, 14.0 | 2.433 | 0.961 | 0.462
3.570, 15.0 | 2.432 | 0.961 | 0.461
3.570, 16.0 | 2.432 | 0.961 | 0.461
3.570, 17.0 | 2.432 | 0.962 | 0.460
3.570, 18.0 | 2.432 | 0.962 | 0.460
3.570, 19.0 | 2.432 | 0.962 | 0.459
3.570, 20.0 | 2.432 | 0.963 | 0.459
3.580, 0.0 | 2.451 | 0.965 | 0.477
3.580, 1.0 | 2.450 | 0.964 | 0.476
3.580, 2.0 | 2.449 | 0.964 | 0.475
3.580, 3.0 | 2.448 | 0.964 | 0.474
3.580, 4.0 | 2.447 | 0.964 | 0.473
3.580, 5.0 | 2.446 | 0.964 | 0.472
3.580, 6.0 | 2.445 | 0.964 | 0.471
3.580, 7.0 | 2.444 | 0.964 | 0.470
3.580, 8.0 | 2.443 | 0.964 | 0.470
3.580, 9.0 | 2.442 | 0.964 | 0.469
3.580, 10.0 | 2.442 | 0.964 | 0.468
3.580, 11.0 | 2.441 | 0.964 | 0.467
3.580, 12.0 | 2.440 | 0.964 | 0.467
3.580, 13.0 | 2.440 | 0.964 | 0.466
3.580, 14.0 | 2.440 | 0.964 | 0.465
3.580, 15.0 | 2.439 | 0.964 | 0.465
3.580, 16.0 | 2.439 | 0.965 | 0.464
3.580, 17.0 | 2.439 | 0.965 | 0.464
3.580, 18.0 | 2.438 | 0.965 | 0.463
3.580, 19.0 | 2.438 | 0.966 | 0.463
3.580, 20.0 | 2.438 | 0.966 | 0.462
3.590, 0.0 | 2.458 | 0.968 | 0.480
3.590, 1.0 | 2.457 | 0.968 | 0.479
3.590, 2.0 | 2.456 | 0.968 | 0.478
3.590, 3.0 | 2.455 | 0.967 | 0.477
3.590, 4.0 | 2.453 | 0.967 | 0.476
3.590, 5.0 | 2.452 | 0.967 | 0.475
3.590, 6.0 | 2.452 | 0.967 | 0.475
3.590, 7.0 | 2.451 | 0.967 | 0.474
3.590, 8.0 | 2.450 | 0.967 | 0.473
3.590, 9.0 | 2.449 | 0.967 | 0.472
3.590, 10.0 | 2.448 | 0.967 | 0.471
3.590, 11.0 | 2.448 | 0.967 | 0.471
3.590, 12.0 | 2.447 | 0.967 | 0.470
3.590, 13.0 | 2.447 | 0.967 | 0.469
3.590, 14.0 | 2.446 | 0.968 | 0.469
3.590, 15.0 | 2.446 | 0.968 | 0.468
3.590, 16.0 | 2.446 | 0.968 | 0.468
3.590, 17.0 | 2.446 | 0.968 | 0.467
3.590, 18.0 | 2.445 | 0.969 | 0.467
3.590, 19.0 | 2.445 | 0.969 | 0.466
3.590, 20.0 | 2.445 | 0.969 | 0.466
3.600, 0.0 | 2.465 | 0.971 | 0.483
3.600, 1.0 | 2.464 | 0.971 | 0.482
3.600, 2.0 | 2.462 | 0.971 | 0.481
3.600, 3.0 | 2.461 | 0.971 | 0.481
3.600, 4.0 | 2.460 | 0.971 | 0.480
3.600, 5.0 | 2.459 | 0.971 | 0.479
3.600, 6.0 | 2.458 | 0.970 | 0.478
3.600, 7.0 | 2.457 | 0.970 | 0.477
3.600, 8.0 | 2.457 | 0.970 | 0.476
3.600, 9.0 | 2.456 | 0.970 | 0.475
3.600, 10.0 | 2.455 | 0.970 | 0.475
3.600, 11.0 | 2.455 | 0.971 | 0.474
3.600, 12.0 | 2.454 | 0.971 | 0.473
3.600, 13.0 | 2.454 | 0.971 | 0.473
3.600, 14.0 | 2.453 | 0.971 | 0.472
3.600, 15.0 | 2.453 | 0.971 | 0.472
3.600, 16.0 | 2.453 | 0.971 | 0.471
3.600, 17.0 | 2.452 | 0.972 | 0.471
3.600, 18.0 | 2.452 | 0.972 | 0.470
3.600, 19.0 | 2.452 | 0.972 | 0.470
3.600, 20.0 | 2.452 | 0.973 | 0.469
3.610, 0.0 | 2.472 | 0.975 | 0.487
3.610, 1.0 | 2.470 | 0.975 | 0.486
3.610, 2.0 | 2.469 | 0.974 | 0.485
3.610, 3.0 | 2.468 | 0.974 | 0.484
3.610, 4.0 | 2.467 | 0.974 | 0.483
3.610, 5.0 | 2.466 | 0.974 | 0.482
3.610, 6.0 | 2.465 | 0.974 | 0.481
3.610, 7.0 | 2.464 | 0.974 | 0.480
3.610, 8.0 | 2.463 | 0.974 | 0.480
3.610, 9.0 | 2.463 | 0.974 | 0.479
3.610, 10.0 | 2.462 | 0.974 | 0.478
3.610, 11.0 | 2.461 | 0.974 | 0.477
3.610, 12.0 | 2.461 | 0.974 | 0.477
3.610, 13.0 | 2.460 | 0.974 | 0.476
3.610, 14.0 | 2.460 | 0.974 | 0.476
3.610, 15.0 | 2.460 | 0.975 | 0.475
3.610, 16.0 | 2.459 | 0.975 | 0.474
3.610, 17.0 | 2.459 | 0.975 | 0.474
3.610, 18.0 | 2.459 | 0.976 | 0.473
3.610, 19.0 | 2.459 | 0.976 | 0.473
3.610, 20.0 | 2.459 | 0.976 | 0.473
3.620, 0.0 | 2.478 | 0.978 | 0.490
3.620, 1.0 | 2.477 | 0.978 | 0.489
3.620, 2.0 | 2.476 | 0.978 | 0.488
3.620, 3.0 | 2.475 | 0.978 | 0.487
3.620, 4.0 | 2.474 | 0.978 | 0.486
3.620, 5.0 | 2.473 | 0.977 | 0.485
3.620, 6.0 | 2.472 | 0.977 | 0.484
3.620, 7.0 | 2.471 | 0.977 | 0.484
3.620, 8.0 | 2.470 | 0.977 | 0.483
3.620, 9.0 | 2.469 | 0.977 | 0.482
3.620, 10.0 | 2.469 | 0.977 | 0.481
3.620, 11.0 | 2.468 | 0.977 | 0.481
3.620, 12.0 | 2.468 | 0.978 | 0.480
3.620, 13.0 | 2.467 | 0.978 | 0.479
3.620, 14.0 | 2.467 | 0.978 | 0.479
3.620, 15.0 | 2.466 | 0.978 | 0.478
3.620, 16.0 | 2.466 | 0.978 | 0.478
3.620, 17.0 | 2.466 | 0.979 | 0.477
3.620, 18.0 | 2.466 | 0.979 | 0.477
3.620, 19.0 | 2.466 | 0.979 | 0.476
3.620, 20.0 | 2.466 | 0.980 | 0.476
3.630, 0.0 | 2.485 | 0.982 | 0.493
3.630, 1.0 | 2.484 | 0.982 | 0.492
3.630, 2.0 | 2.483 | 0.981 | 0.491
3.630, 3.0 | 2.482 | 0.981 | 0.490
3.630, 4.0 | 2.480 | 0.981 | 0.489
3.630, 5.0 | 2.480 | 0.981 | 0.489
3.630, 6.0 | 2.479 | 0.981 | 0.488
3.630, 7.0 | 2.478 | 0.981 | 0.487
3.630, 8.0 | 2.477 | 0.981 | 0.486
3.630, 9.0 | 2.476 | 0.981 | 0.485
3.630, 10.0 | 2.476 | 0.981 | 0.485
3.630, 11.0 | 2.475 | 0.981 | 0.484
3.630, 12.0 | 2.474 | 0.981 | 0.483
3.630, 13.0 | 2.474 | 0.981 | 0.483
3.630, 14.0 | 2.474 | 0.981 | 0.482
3.630, 15.0 | 2.473 | 0.982 | 0.482
3.630, 16.0 | 2.473 | 0.982 | 0.481
3.630, 17.0 | 2.473 | 0.982 | 0.481
3.630, 18.0 | 2.473 | 0.983 | 0.480
3.630, 19.0 | 2.472 | 0.983 | 0.480
3.630, 20.0 | 2.472 | 0.983 | 0.479
3.640, 0.0 | 2.492 | 0.985 | 0.496
3.640, 1.0 | 2.490 | 0.985 | 0.495
3.640, 2.0 | 2.489 | 0.985 | 0.495
3.640, 3.0 | 2.488 | 0.985 | 0.494
3.640, 4.0 | 2.487 | 0.985 | 0.493
3.640, 5.0 | 2.486 | 0.984 | 0.492
3.640, 6.0 | 2.485 | 0.984 | 0.491
3.640, 7.0 | 2.485 | 0.984 | 0.490
3.640, 8.0 | 2.484 | 0.984 | 0.489
3.640, 9.0 | 2.483 | 0.984 | 0.489
3.640, 10.0 | 2.482 | 0.984 | 0.488
3.640, 11.0 | 2.482 | 0.984 | 0.487
3.640, 12.0 | 2.481 | 0.985 | 0.487
3.640, 13.0 | 2.481 | 0.985 | 0.486
3.640, 14.0 | 2.480 | 0.985 | 0.485
3.640, 15.0 | 2.480 | 0.985 | 0.485
3.640, 16.0 | 2.480 | 0.985 | 0.484
3.640, 17.0 | 2.480 | 0.986 | 0.484
3.640, 18.0 | 2.479 | 0.986 | 0.483
3.640, 19.0 | 2.479 | 0.986 | 0.483
3.640, 20.0 | 2.479 | 0.987 | 0.482
3.650, 0.0 | 2.498 | 0.989 | 0.500
3.650, 1.0 | 2.497 | 0.989 | 0.499
3.650, 2.0 | 2.496 | 0.988 | 0.498
3.650, 3.0 | 2.495 | 0.988 | 0.497
3.650, 4.0 | 2.494 | 0.988 | 0.496
3.650, 5.0 | 2.493 | 0.988 | 0.495
3.650, 6.0 | 2.492 | 0.988 | 0.494
3.650, 7.0 | 2.491 | 0.988 | 0.493
3.650, 8.0 | 2.491 | 0.988 | 0.493
3.650, 9.0 | 2.490 | 0.988 | 0.492
3.650, 10.0 | 2.489 | 0.988 | 0.491
3.650, 11.0 | 2.489 | 0.988 | 0.491
3.650, 12.0 | 2.488 | 0.988 | 0.490
3.650, 13.0 | 2.488 | 0.988 | 0.489
3.650, 14.0 | 2.487 | 0.989 | 0.489
3.650, 15.0 | 2.487 | 0.989 | 0.488
3.650, 16.0 | 2.487 | 0.989 | 0.488
3.650, 17.0 | 2.486 | 0.989 | 0.487
3.650, 18.0 | 2.486 | 0.990 | 0.487
3.650, 19.0 | 2.486 | 0.990 | 0.486
3.650, 20.0 | 2.486 | 0.990 | 0.486
3.660, 0.0 | 2.505 | 0.992 | 0.503
3.660, 1.0 | 2.504 | 0.992 | 0.502
3.660, 2.0 | 2.503 | 0.992 | 0.501
3.660, 3.0 | 2.502 | 0.992 | 0.500
3.660, 4.0 | 2.501 | 0.992 | 0.499
3.660, 5.0 | 2.500 | 0.992 | 0.498
3.660, 6.0 | 2.499 | 0.991 | 0.497
3.660, 7.0 | 2.498 | 0.991 | 0.497
3.660, 8.0 | 2.497 | 0.991 | 0.496
3.660, 9.0 | 2.497 | 0.991 | 0.495
3.660, 10.0 | 2.496 | 0.992 | 0.494
3.660, 11.0 | 2.495 | 0.992 | 0.494
3.660, 12.0 | 2.495 | 0.992 | 0.493
3.660, 13.0 | 2.494 | 0.992 | 0.492
3.660, 14.0 | 2.494 | 0.992 | 0.492
3.660, 15.0 | 2.494 | 0.992 | 0.491
3.660, 16.0 | 2.493 | 0.993 | 0.491
3.660, 17.0 | 2.493 | 0.993 | 0.490
3.660, 18.0 | 2.493 | 0.993 | 0.490
3.660, 19.0 | 2.493 | 0.994 | 0.489
3.660, 20.0 | 2.493 | 0.994 | 0.489
3.670, 0.0 | 2.512 | 0.996 | 0.506
3.670, 1.0 | 2.511 | 0.996 | 0.505
3.670, 2.0 | 2.510 | 0.996 | 0.504
3.670, 3.0 | 2.508 | 0.995 | 0.503
3.670, 4.0 | 2.507 | 0.995 | 0.502
3.670, 5.0 | 2.507 | 0.995 | 0.501
3.670, 6.0 | 2.506 | 0.995 | 0.501
3.670, 7.0 | 2.505 | 0.995 | 0.500
3.670, 8.0 | 2.504 | 0.995 | 0.499
3.670, 9.0 | 2.503 | 0.995 | 0.498
3.670, 10.0 | 2.503 | 0.995 | 0.498
3.670, 11.0 | 2.502 | 0.995 | 0.497
3.670, 12.0 | 2.502 | 0.995 | 0.496
3.670, 13.0 | 2.501 | 0.996 | 0.496
3.670, 14.0 | 2.501 | 0.996 | 0.495
3.670, 15.0 | 2.500 | 0.996 | 0.494
3.670, 16.0 | 2.500 | 0.996 | 0.494
3.670, 17.0 | 2.500 | 0.997 | 0.493
3.670, 18.0 | 2.500 | 0.997 | 0.493
3.670, 19.0 | 2.500 | 0.997 | 0.493
3.670, 20.0 | 2.500 | 0.998 | 0.492
3.680, 0.0 | 2.519 | 1.000 | 0.509
3.680, 1.0 | 2.517 | 0.999 | 0.508
3.680, 2.0 | 2.516 | 0.999 | 0.507
3.680, 3.0 | 2.515 | 0.999 | 0.506
3.680, 4.0 | 2.514 | 0.999 | 0.505
3.680, 5.0 | 2.513 | 0.999 | 0.504
3.680, 6.0 | 2.512 | 0.999 | 0.504
3.680, 7.0 | 2.512 | 0.999 | 0.503
3.680, 8.0 | 2.511 | 0.999 | 0.502
3.680, 9.0 | 2.510 | 0.999 | 0.501
3.680, 10.0 | 2.510 | 0.999 | 0.501
3.680, 11.0 | 2.509 | 0.999 | 0.500
3.680, 12.0 | 2.508 | 0.999 | 0.499
3.680, 13.0 | 2.508 | 0.999 | 0.499
3.680, 14.0 | 2.508 | 0.999 | 0.498
3.680, 15.0 | 2.507 | 1.000 | 0.498
3.680, 16.0 | 2.507 | 1.000 | 0.497
3.680, 17.0 | 2.507 | 1.000 | 0.497
3.680, 18.0 | 2.507 | 1.001 | 0.496
3.680, 19.0 | 2.507 | 1.001 | 0.496
3.680, 20.0 | 2.507 | 1.001 | 0.495
3.690, 0.0 | 2.525 | 1.003 | 0.512
3.690, 1.0 | 2.524 | 1.003 | 0.511
3.690, 2.0 | 2.523 | 1.003 | 0.510
3.690, 3.0 | 2.522 | 1.003 | 0.509
3.690, 4.0 | 2.521 | 1.003 | 0.508
3.690, 5.0 | 2.520 | 1.003 | 0.508
3.690, 6.0 | 2.519 | 1.002 | 0.507
3.690, 7.0 | 2.518 | 1.002 | 0.506
3.690, 8.0 | 2.518 | 1.002 | 0.505
3.690, 9.0 | 2.517 | 1.002 | 0.504
3.690, 10.0 | 2.516 | 1.003 | 0.504
3.690, 11.0 | 2.516 | 1.003 | 0.503
3.690, 12.0 | 2.515 | 1.003 | 0.502
3.690, 13.0 | 2.515 | 1.003 | 0.502
3.690, 14.0 | 2.514 | 1.003 | 0.501
3.690, 15.0 | 2.514 | 1.003 | 0.501
3.690, 16.0 | 2.514 | 1.004 | 0.500
3.690, 17.0 | 2.514 | 1.004 | 0.500
3.690, 18.0 | 2.513 | 1.004 | 0.499
3.690, 19.0 | 2.513 | 1.005 | 0.499
3.690, 20.0 | 2.513 | 1.005 | 0.498
3.700, 0.0 | 2.532 | 1.007 | 0.515
3.700, 1.0 | 2.531 | 1.007 | 0.514
3.700, 2.0 | 2.530 | 1.007 | 0.513
3.700, 3.0 | 2.529 | 1.006 | 0.512
3.700, 4.0 | 2.528 | 1.006 | 0.511
3.700, 5.0 | 2.527 | 1.006 | 0.511
3.700, 6.0 | 2.526 | 1.006 | 0.510
3.700, 7.0 | 2.525 | 1.006 | 0.509
3.700, 8.0 | 2.524 | 1.006 | 0.508
3.700, 9.0 | 2.524 | 1.006 | 0.508
3.700, 10.0 | 2.523 | 1.006 | 0.507
3.700, 11.0 | 2.523 | 1.006 | 0.506
3.700, 12.0 | 2.522 | 1.007 | 0.506
3.700, 13.0 | 2.522 | 1.007 | 0.505
3.700, 14.0 | 2.521 | 1.007 | 0.504
3.700, 15.0 | 2.521 | 1.007 | 0.504
3.700, 16.0 | 2.521 | 1.007 | 0.503
3.700, 17.0 | 2.520 | 1.008 | 0.503
3.700, 18.0 | 2.520 | 1.008 | 0.502
3.700, 19.0 | 2.520 | 1.008 | 0.502
3.700, 20.0 | 2.520 | 1.009 | 0.501
3.710, 0.0 | 2.539 | 1.011 | 0.518
3.710, 1.0 | 2.538 | 1.011 | 0.517
3.710, 2.0 | 2.536 | 1.010 | 0.516
3.710, 3.0 | 2.535 | 1.010 | 0.515
3.710, 4.0 | 2.534 | 1.010 | 0.514
3.710, 5.0 | 2.534 | 1.010 | 0.513
3.710, 6.0 | 2.533 | 1.010 | 0.513
3.710, 7.0 | 2.532 | 1.010 | 0.512
3.710, 8.0 | 2.531 | 1.010 | 0.511
3.710, 9.0 | 2.530 | 1.010 | 0.511
3.710, 10.0 | 2.530 | 1.010 | 0.510
3.710, 11.0 | 2.529 | 1.010 | 0.509
3.710, 12.0 | 2.529 | 1.010 | 0.509
3.710, 13.0 | 2.528 | 1.010 | 0.508
3.710, 14.0 | 2.528 | 1.011 | 0.507
3.710, 15.0 | 2.528 | 1.011 | 0.507
3.710, 16.0 | 2.527 | 1.011 | 0.506
3.710, 17.0 | 2.527 | 1.011 | 0.506
3.710, 18.0 | 2.527 | 1.012 | 0.505
3.710, 19.0 | 2.527 | 1.012 | 0.505
3.710, 20.0 | 2.527 | 1.013 | 0.504
3.720, 0.0 | 2.545 | 1.015 | 0.521
3.720, 1.0 | 2.544 | 1.014 | 0.520
3.720, 2.0 | 2.543 | 1.014 | 0.519
3.720, 3.0 | 2.542 | 1.014 | 0.518
3.720, 4.0 | 2.541 | 1.014 | 0.517
3.720, 5.0 | 2.540 | 1.014 | 0.516
3.720, 6.0 | 2.539 | 1.014 | 0.516
3.720, 7.0 | 2.539 | 1.014 | 0.515
3.720, 8.0 | 2.538 | 1.014 | 0.514
3.720, 9.0 | 2.537 | 1.014 | 0.513
3.720, 10.0 | 2.537 | 1.014 | 0.513
3.720, 11.0 | 2.536 | 1.014 | 0.512
3.720, 12.0 | 2.536 | 1.014 | 0.512
3.720, 13.0 | 2.535 | 1.014 | 0.511
3.720, 14.0 | 2.535 | 1.014 | 0.510
3.720, 15.0 | 2.534 | 1.015 | 0.510
3.720, 16.0 | 2.534 | 1.015 | 0.509
3.720, 17.0 | 2.534 | 1.015 | 0.509
3.720, 18.0 | 2.534 | 1.016 | 0.508
3.720, 19.0 | 2.534 | 1.016 | 0.508
3.720, 20.0 | 2.534 | 1.016 | 0.507
3.730, 0.0 | 2.552 | 1.018 | 0.524
3.730, 1.0 | 2.551 | 1.018 | 0.523
3.730, 2.0 | 2.550 | 1.018 | 0.522
3.730, 3.0 | 2.549 | 1.018 | 0.521
3.730, 4.0 | 2.548 | 1.018 | 0.520
3.730, 5.0 | 2.547 | 1.018 | 0.519
3.730, 6.0 | 2.546 | 1.018 | 0.519
3.730, 7.0 | 2.545 | 1.018 | 0.518
3.730, 8.0 | 2.545 | 1.018 | 0.517
3.730, 9.0 | 2.544 | 1.018 | 0.516
3.730, 10.0 | 2.543 | 1.018 | 0.516
3.730, 11.0 | 2.543 | 1.018 | 0.515
3.730, 12.0 | 2.542 | 1.018 | 0.514
3.730, 13.0 | 2.542 | 1.018 | 0.514
3.730, 14.0 | 2.542 | 1.018 | 0.513
3.730, 15.0 | 2.541 | 1.019 | 0.513
3.730, 16.0 | 2.541 | 1.019 | 0.512
3.730, 17.0 | 2.541 | 1.019 | 0.512
3.730, 18.0 | 2.541 | 1.019 | 0.511
3.730, 19.0 | 2.541 | 1.020 | 0.511
3.730, 20.0 | 2.541 | 1.020 | 0.510
3.740, 0.0 | 2.559 | 1.022 | 0.527
3.740, 1.0 | 2.558 | 1.022 | 0.526
3.740, 2.0 | 2.557 | 1.022 | 0.525
3.740, 3.0 | 2.556 | 1.022 | 0.524
3.740, 4.0 | 2.555 | 1.022 | 0.523
3.740, 5.0 | 2.554 | 1.022 | 0.522
3.740, 6.0 | 2.553 | 1.021 | 0.522
3.740, 7.0 | 2.552 | 1.021 | 0.521
3.740, 8.0 | 2.551 | 1.021 | 0.520
3.740, 9.0 | 2.551 | 1.021 | 0.519
3.740, 10.0 | 2.550 | 1.022 | 0.519
3.740, 11.0 | 2.550 | 1.022 | 0.518
3.740, 12.0 | 2.549 | 1.022 | 0.517
3.740, 13.0 | 2.549 | 1.022 | 0.517
3.740, 14.0 | 2.548 | 1.022 | 0.516
3.740, 15.0 | 2.548 | 1.022 | 0.516
3.740, 16.0 | 2.548 | 1.023 | 0.515
3.740, 17.0 | 2.548 | 1.023 | 0.515
3.740, 18.0 | 2.547 | 1.023 | 0.514
3.740, 19.0 | 2.547 | 1.024 | 0.514
3.740, 20.0 | 2.547 | 1.024 | 0.513
3.750, 0.0 | 2.566 | 1.026 | 0.529
3.750, 1.0 | 2.564 | 1.026 | 0.529
3.750, 2.0 | 2.563 | 1.026 | 0.528
3.750, 3.0 | 2.562 | 1.026 | 0.527
3.750, 4.0 | 2.561 | 1.025 | 0.526
3.750, 5.0 | 2.561 | 1.025 | 0.525
3.750, 6.0 | 2.560 | 1.025 | 0.524
3.750, 7.0 | 2.559 | 1.025 | 0.524
3.750, 8.0 | 2.558 | 1.025 | 0.523
3.750, 9.0 | 2.558 | 1.025 | 0.522
3.750, 10.0 | 2.557 | 1.025 | 0.522
3.750, 11.0 | 2.556 | 1.026 | 0.521
3.750, 12.0 | 2.556 | 1.026 | 0.520
3.750, 13.0 | 2.556 | 1.026 | 0.520
3.750, 14.0 | 2.555 | 1.026 | 0.519
3.750, 15.0 | 2.555 | 1.026 | 0.519
3.750, 16.0 | 2.555 | 1.027 | 0.518
3.750, 17.0 | 2.554 | 1.027 | 0.518
3.750, 18.0 | 2.554 | 1.027 | 0.517
3.750, 19.0 | 2.554 | 1.028 | 0.517
3.750, 20.0 | 2.554 | 1.028 | 0.516
3.760, 0.0 | 2.572 | 1.030 | 0.532
3.760, 1.0 | 2.571 | 1.030 | 0.531
3.760, 2.0 | 2.570 | 1.030 | 0.530
3.760, 3.0 | 2.569 | 1.030 | 0.530
3.760, 4.0 | 2.568 | 1.029 | 0.529
3.760, 5.0 | 2.567 | 1.029 | 0.528
3.760, 6.0 | 2.567 | 1.029 | 0.527
3.760, 7.0 | 2.566 | 1.029 | 0.527
3.760, 8.0 | 2.565 | 1.029 | 0.526
3.760, 9.0 | 2.564 | 1.029 | 0.525
3.760, 10.0 | 2.564 | 1.029 | 0.524
3.760, 11.0 | 2.563 | 1.029 | 0.524
3.760, 12.0 | 2.563 | 1.030 | 0.523
3.760, 13.0 | 2.562 | 1.030 | 0.523
3.760, 14.0 | 2.562 | 1.030 | 0.522
3.760, 15.0 | 2.562 | 1.030 | 0.521
3.760, 16.0 | 2.561 | 1.031 | 0.521
3.760, 17.0 | 2.561 | 1.031 | 0.520
3.760, 18.0 | 2.561 | 1.031 | 0.520
3.760, 19.0 | 2.561 | 1.032 | 0.519
3.760, 20.0 | 2.561 | 1.032 | 0.519
3.770, 0.0 | 2.579 | 1.034 | 0.535
3.770, 1.0 | 2.578 | 1.034 | 0.534
3.770, 2.0 | 2.577 | 1.034 | 0.533
3.770, 3.0 | 2.576 | 1.033 | 0.532
3.770, 4.0 | 2.575 | 1.033 | 0.532
3.770, 5.0 | 2.574 | 1.033 | 0.531
3.770, 6.0 | 2.573 | 1.033 | 0.530
3.770, 7.0 | 2.573 | 1.033 | 0.529
3.770, 8.0 | 2.572 | 1.033 | 0.529
3.770, 9.0 | 2.571 | 1.033 | 0.528
3.770, 10.0 | 2.571 | 1.033 | 0.527
3.770, 11.0 | 2.570 | 1.033 | 0.527
3.770, 12.0 | 2.570 | 1.034 | 0.526
3.770, 13.0 | 2.569 | 1.034 | 0.525
3.770, 14.0 | 2.569 | 1.034 | 0.525
3.770, 15.0 | 2.569 | 1.034 | 0.524
3.770, 16.0 | 2.568 | 1.034 | 0.524
3.770, 17.0 | 2.568 | 1.035 | 0.523
3.770, 18.0 | 2.568 | 1.035 | 0.523
3.770, 19.0 | 2.568 | 1.035 | 0.522
3.770, 20.0 | 2.568 | 1.036 | 0.522
3.780, 0.0 | 2.586 | 1.038 | 0.538
3.780, 1.0 | 2.585 | 1.038 | 0.537
3.780, 2.0 | 2.584 | 1.038 | 0.536
3.780, 3.0 | 2.583 | 1.037 | 0.535
3.780, 4.0 | 2.582 | 1.037 | 0.534
3.780, 5.0 | 2.581 | 1.037 | 0.534
3.780, 6.0 | 2.580 | 1.037 | 0.533
3.780, 7.0 | 2.579 | 1.037 | 0.532
3.780, 8.0 | 2.579 | 1.037 | 0.531
3.780, 9.0 | 2.578 | 1.037 | 0.531
3.780, 10.0 | 2.577 | 1.037 | 0.530
3.780, 11.0 | 2.577 | 1.037 | 0.529
3.780, 12.0 | 2.576 | 1.038 | 0.529
3.780, 13.0 | 2.576 | 1.038 | 0.528
3.780, 14.0 | 2.576 | 1.038 | 0.528
3.780, 15.0 | 2.575 | 1.038 | 0.527
3.780, 16.0 | 2.575 | 1.038 | 0.527
3.780, 17.0 | 2.575 | 1.039 | 0.526
3.780, 18.0 | 2.575 | 1.039 | 0.526
3.780, 19.0 | 2.575 | 1.039 | 0.525
3.780, 20.0 | 2.575 | 1.040 | 0.525
3.790, 0.0 | 2.592 | 1.042 | 0.540
3.790, 1.0 | 2.591 | 1.042 | 0.540
3.790, 2.0 | 2.590 | 1.042 | 0.539
3.790, 3.0 | 2.589 | 1.041 | 0.538
3.790, 4.0 | 2.588 | 1.041 | 0.537
3.790, 5.0 | 2.588 | 1.041 | 0.536
3.790, 6.0 | 2.587 | 1.041 | 0.536
3.790, 7.0 | 2.586 | 1.041 | 0.535
3.790, 8.0 | 2.585 | 1.041 | 0.534
3.790, 9.0 | 2.585 | 1.041 | 0.534
3.790, 10.0 | 2.584 | 1.041 | 0.533
3.790, 11.0 | 2.584 | 1.041 | 0.532
3.790, 12.0 | 2.583 | 1.042 | 0.532
3.790, 13.0 | 2.583 | 1.042 | 0.531
3.790, 14.0 | 2.582 | 1.042 | 0.530
3.790, 15.0 | 2.582 | 1.042 | 0.530
3.790, 16.0 | 2.582 | 1.043 | 0.529
3.790, 17.0 | 2.582 | 1.043 | 0.529
3.790, 18.0 | 2.582 | 1.043 | 0.528
3.790, 19.0 | 2.581 | 1.044 | 0.528
3.790, 20.0 | 2.581 | 1.044 | 0.527
3.800, 0.0 | 2.599 | 1.046 | 0.543
3.800, 1.0 | 2.598 | 1.046 | 0.542
3.800, 2.0 | 2.597 | 1.046 | 0.541
3.800, 3.0 | 2.596 | 1.046 | 0.541
3.800, 4.0 | 2.595 | 1.045 | 0.540
3.800, 5.0 | 2.594 | 1.045 | 0.539
3.800, 6.0 | 2.594 | 1.045 | 0.538
3.800, 7.0 | 2.593 | 1.045 | 0.538
3.800, 8.0 | 2.592 | 1.045 | 0.537
3.800, 9.0 | 2.592 | 1.045 | 0.536
3.800, 10.0 | 2.591 | 1.045 | 0.536
3.800, 11.0 | 2.590 | 1.046 | 0.535
3.800, 12.0 | 2.590 | 1.046 | 0.534
3.800, 13.0 | 2.590 | 1.046 | 0.534
3.800, 14.0 | 2.589 | 1.046 | 0.533
3.800, 15.0 | 2.589 | 1.046 | 0.533
3.800, 16.0 | 2.589 | 1.047 | 0.532
3.800, 17.0 | 2.588 | 1.047 | 0.532
3.800, 18.0 | 2.588 | 1.047 | 0.531
3.800, 19.0 | 2.588 | 1.048 | 0.531
3.800, 20.0 | 2.588 | 1.048 | 0.530
3.810, 0.0 | 2.606 | 1.050 | 0.546
3.810, 1.0 | 2.605 | 1.050 | 0.545
3.810, 2.0 | 2.604 | 1.050 | 0.544
3.810, 3.0 | 2.603 | 1.050 | 0.543
3.810, 4.0 | 2.602 | 1.050 | 0.542
3.810, 5.0 | 2.601 | 1.049 | 0.542
3.810, 6.0 | 2.600 | 1.049 | 0.541
3.810, 7.0 | 2.600 | 1.049 | 0.540
3.810, 8.0 | 2.599 | 1.049 | 0.540
3.810, 9.0 | 2.598 | 1.049 | 0.539
3.810, 10.0 | 2.598 | 1.050 | 0.538
3.810, 11.0 | 2.597 | 1.050 | 0.538
3.810, 12.0 | 2.597 | 1.050 | 0.537
3.810, 13.0 | 2.596 | 1.050 | 0.536
3.810, 14.0 | 2.596 | 1.050 | 0.536
3.810, 15.0 | 2.596 | 1.050 | 0.535
3.810, 16.0 | 2.595 | 1.051 | 0.535
3.810, 17.0 | 2.595 | 1.051 | 0.534
3.810, 18.0 | 2.595 | 1.051 | 0.534
3.810, 19.0 | 2.595 | 1.052 | 0.533
3.810, 20.0 | 2.595 | 1.052 | 0.533
3.820, 0.0 | 2.613 | 1.054 | 0.548
3.820, 1.0 | 2.612 | 1.054 | 0.547
3.820, 2.0 | 2.611 | 1.054 | 0.547
3.820, 3.0 | 2.610 | 1.054 | 0.546
3.820, 4.0 | 2.609 | 1.054 | 0.545
3.820, 5.0 | 2.608 | 1.054 | 0.544
3.820, 6.0 | 2.607 | 1.054 | 0.544
3.820, 7.0 | 2.606 | 1.054 | 0.543
3.820, 8.0 | 2.606 | 1.054 | 0.542
3.820, 9.0 | 2.605 | 1.054 | 0.542
3.820, 10.0 | 2.605 | 1.054 | 0.541
3.820, 11.0 | 2.604 | 1.054 | 0.540
3.820, 12.0 | 2.604 | 1.054 | 0.540
3.820, 13.0 | 2.603 | 1.054 | 0.539
3.820, 14.0 | 2.603 | 1.054 | 0.538
3.820, 15.0 | 2.603 | 1.055 | 0.538
3.820, 16.0 | 2.602 | 1.055 | 0.537
3.820, 17.0 | 2.602 | 1.055 | 0.537
3.820, 18.0 | 2.602 | 1.056 | 0.536
3.820, 19.0 | 2.602 | 1.056 | 0.536
3.820, 20.0 | 2.602 | 1.056 | 0.536
3.830, 0.0 | 2.619 | 1.059 | 0.551
3.830, 1.0 | 2.618 | 1.058 | 0.550
3.830, 2.0 | 2.617 | 1.058 | 0.549
3.830, 3.0 | 2.616 | 1.058 | 0.548
3.830, 4.0 | 2.616 | 1.058 | 0.548
3.830, 5.0 | 2.615 | 1.058 | 0.547
3.830, 6.0 | 2.614 | 1.058 | 0.546
3.830, 7.0 | 2.613 | 1.058 | 0.545
3.830, 8.0 | 2.613 | 1.058 | 0.545
3.830, 9.0 | 2.612 | 1.058 | 0.544
3.830, 10.0 | 2.611 | 1.058 | 0.543
3.830, 11.0 | 2.611 | 1.058 | 0.543
3.830, 12.0 | 2.610 | 1.058 | 0.542
3.830, 13.0 | 2.610 | 1.058 | 0.542
3.830, 14.0 | 2.610 | 1.059 | 0.541
3.830, 15.0 | 2.609 | 1.059 | 0.541
3.830, 16.0 | 2.609 | 1.059 | 0.540
3.830, 17.0 | 2.609 | 1.059 | 0.539
3.830, 18.0 | 2.609 | 1.060 | 0.539
3.830, 19.0 | 2.609 | 1.060 | 0.539
3.830, 20.0 | 2.609 | 1.061 | 0.538
3.840, 0.0 | 2.626 | 1.063 | 0.553
3.840, 1.0 | 2.625 | 1.062 | 0.553
3.840, 2.0 | 2.624 | 1.062 | 0.552
3.840, 3.0 | 2.623 | 1.062 | 0.551
3.840, 4.0 | 2.622 | 1.062 | 0.550
3.840, 5.0 | 2.621 | 1.062 | 0.549
3.840, 6.0 | 2.621 | 1.062 | 0.549
3.840, 7.0 | 2.620 | 1.062 | 0.548
3.840, 8.0 | 2.619 | 1.062 | 0.547
3.840, 9.0 | 2.619 | 1.062 | 0.547
3.840, 10.0 | 2.618 | 1.062 | 0.546
3.840, 11.0 | 2.618 | 1.062 | 0.545
3.840, 12.0 | 2.617 | 1.062 | 0.545
3.840, 13.0 | 2.617 | 1.063 | 0.544
3.840, 14.0 | 2.616 | 1.063 | 0.544
3.840, 15.0 | 2.616 | 1.063 | 0.543
3.840, 16.0 | 2.616 | 1.063 | 0.543
3.840, 17.0 | 2.616 | 1.064 | 0.542
3.840, 18.0 | 2.616 | 1.064 | 0.542
3.840, 19.0 | 2.616 | 1.064 | 0.541
3.840, 20.0 | 2.615 | 1.065 | 0.541
3.850, 0.0 | 2.633 | 1.067 | 0.556
3.850, 1.0 | 2.632 | 1.067 | 0.555
3.850, 2.0 | 2.631 | 1.067 | 0.554
3.850, 3.0 | 2.630 | 1.066 | 0.553
3.850, 4.0 | 2.629 | 1.066 | 0.553
3.850, 5.0 | 2.628 | 1.066 | 0.552
3.850, 6.0 | 2.627 | 1.066 | 0.551
3.850, 7.0 | 2.627 | 1.066 | 0.551
3.850, 8.0 | 2.626 | 1.066 | 0.550
3.850, 9.0 | 2.625 | 1.066 | 0.549
3.850, 10.0 | 2.625 | 1.066 | 0.549
3.850, 11.0 | 2.624 | 1.066 | 0.548
3.850, 12.0 | 2.624 | 1.067 | 0.547
3.850, 13.0 | 2.624 | 1.067 | 0.547
3.850, 14.0 | 2.623 | 1.067 | 0.546
3.850, 15.0 | 2.623 | 1.067 | 0.546
3.850, 16.0 | 2.623 | 1.068 | 0.545
3.850, 17.0 | 2.623 | 1.068 | 0.545
3.850, 18.0 | 2.622 | 1.068 | 0.544
3.850, 19.0 | 2.622 | 1.069 | 0.544
3.850, 20.0 | 2.622 | 1.069 | 0.543
3.860, 0.0 | 2.640 | 1.071 | 0.558
3.860, 1.0 | 2.639 | 1.071 | 0.558
3.860, 2.0 | 2.638 | 1.071 | 0.557
3.860, 3.0 | 2.637 | 1.071 | 0.556
3.860, 4.0 | 2.636 | 1.071 | 0.555
3.860, 5.0 | 2.635 | 1.070 | 0.555
3.860, 6.0 | 2.634 | 1.070 | 0.554
3.860, 7.0 | 2.634 | 1.070 | 0.553
3.860, 8.0 | 2.633 | 1.070 | 0.552
3.860, 9.0 | 2.632 | 1.070 | 0.552
3.860, 10.0 | 2.632 | 1.071 | 0.551
3.860, 11.0 | 2.631 | 1.071 | 0.551
3.860, 12.0 | 2.631 | 1.071 | 0.550
3.860, 13.0 | 2.630 | 1.071 | 0.549
3.860, 14.0 | 2.630 | 1.071 | 0.549
3.860, 15.0 | 2.630 | 1.072 | 0.548
3.860, 16.0 | 2.629 | 1.072 | 0.548
3.860, 17.0 | 2.629 | 1.072 | 0.547
3.860, 18.0 | 2.629 | 1.072 | 0.547
3.860, 19.0 | 2.629 | 1.073 | 0.546
3.860, 20.0 | 2.629 | 1.073 | 0.546
3.870, 0.0 | 2.646 | 1.075 | 0.561
3.870, 1.0 | 2.645 | 1.075 | 0.560
3.870, 2.0 | 2.644 | 1.075 | 0.559
3.870, 3.0 | 2.643 | 1.075 | 0.558
3.870, 4.0 | 2.643 | 1.075 | 0.558
3.870, 5.0 | 2.642 | 1.075 | 0.557
3.870, 6.0 | 2.641 | 1.075 | 0.556
3.870, 7.0 | 2.640 | 1.075 | 0.556
3.870, 8.0 | 2.640 | 1.075 | 0.555
3.870, 9.0 | 2.639 | 1.075 | 0.554
3.870, 10.0 | 2.639 | 1.075 | 0.554
3.870, 11.0 | 2.638 | 1.075 | 0.553
3.870, 12.0 | 2.638 | 1.075 | 0.552
3.870, 13.0 | 2.637 | 1.075 | 0.552
3.870, 14.0 | 2.637 | 1.076 | 0.551
3.870, 15.0 | 2.637 | 1.076 | 0.551
3.870, 16.0 | 2.636 | 1.076 | 0.550
3.870, 17.0 | 2.636 | 1.076 | 0.550
3.870, 18.0 | 2.636 | 1.077 | 0.549
3.870, 19.0 | 2.636 | 1.077 | 0.549
3.870, 20.0 | 2.636 | 1.078 | 0.548
3.880, 0.0 | 2.653 | 1.080 | 0.563
3.880, 1.0 | 2.652 | 1.080 | 0.562
3.880, 2.0 | 2.651 | 1.079 | 0.562
3.880, 3.0 | 2.650 | 1.079 | 0.561
3.880, 4.0 | 2.649 | 1.079 | 0.560
3.880, 5.0 | 2.648 | 1.079 | 0.559
3.880, 6.0 | 2.648 | 1.079 | 0.559
3.880, 7.0 | 2.647 | 1.079 | 0.558
3.880, 8.0 | 2.646 | 1.079 | 0.557
3.880, 9.0 | 2.646 | 1.079 | 0.557
3.880, 10.0 | 2.645 | 1.079 | 0.556
3.880, 11.0 | 2.645 | 1.079 | 0.556
3.880, 12.0 | 2.644 | 1.079 | 0.555
3.880, 13.0 | 2.644 | 1.080 | 0.554
3.880, 14.0 | 2.644 | 1.080 | 0.554
3.880, 15.0 | 2.643 | 1.080 | 0.553
3.880, 16.0 | 2.643 | 1.080 | 0.553
3.880, 17.0 | 2.643 | 1.081 | 0.552
3.880, 18.0 | 2.643 | 1.081 | 0.552
3.880, 19.0 | 2.643 | 1.081 | 0.551
3.880, 20.0 | 2.643 | 1.082 | 0.551
3.890, 0.0 | 2.660 | 1.084 | 0.566
3.890, 1.0 | 2.659 | 1.084 | 0.565
3.890, 2.0 | 2.658 | 1.084 | 0.564
3.890, 3.0 | 2.657 | 1.084 | 0.563
3.890, 4.0 | 2.656 | 1.084 | 0.563
3.890, 5.0 | 2.655 | 1.083 | 0.562
3.890, 6.0 | 2.655 | 1.083 | 0.561
3.890, 7.0 | 2.654 | 1.083 | 0.560
3.890, 8.0 | 2.653 | 1.083 | 0.560
3.890, 9.0 | 2.653 | 1.083 | 0.559
3.890, 10.0 | 2.652 | 1.084 | 0.559
3.890, 11.0 | 2.652 | 1.084 | 0.558
3.890, 12.0 | 2.651 | 1.084 | 0.557
3.890, 13.0 | 2.651 | 1.084 | 0.557
3.890, 14.0 | 2.650 | 1.084 | 0.556
3.890, 15.0 | 2.650 | 1.085 | 0.556
3.890, 16.0 | 2.650 | 1.085 | 0.555
3.890, 17.0 | 2.650 | 1.085 | 0.555
3.890, 18.0 | 2.650 | 1.086 | 0.554
3.890, 19.0 | 2.650 | 1.086 | 0.554
3.890, 20.0 | 2.650 | 1.086 | 0.553
3.900, 0.0 | 2.666 | 1.089 | 0.568
3.900, 1.0 | 2.665 | 1.088 | 0.567
3.900, 2.0 | 2.665 | 1.088 | 0.566
3.900, 3.0 | 2.664 | 1.088 | 0.566
3.900, 4.0 | 2.663 | 1.088 | 0.565
3.900, 5.0 | 2.662 | 1.088 | 0.564
3.900, 6.0 | 2.661 | 1.088 | 0.563
3.900, 7.0 | 2.661 | 1.088 | 0.563
3.900, 8.0 | 2.660 | 1.088 | 0.562
3.900, 9.0 | 2.659 | 1.088 | 0.562
3.900, 10.0 | 2.659 | 1.088 | 0.561
3.900, 11.0 | 2.658 | 1.088 | 0.560
3.900, 12.0 | 2.658 | 1.088 | 0.560
3.900, 13.0 | 2.658 | 1.088 | 0.559
3.900, 14.0 | 2.657 | 1.089 | 0.559
3.900, 15.0 | 2.657 | 1.089 | 0.558
3.900, 16.0 | 2.657 | 1.089 | 0.558
3.900, 17.0 | 2.657 | 1.090 | 0.557
3.900, 18.0 | 2.656 | 1.090 | 0.557
3.900, 19.0 | 2.656 | 1.090 | 0.556
3.900, 20.0 | 2.656 | 1.091 | 0.556
3.910, 0.0 | 2.673 | 1.093 | 0.570
3.910, 1.0 | 2.672 | 1.093 | 0.569
3.910, 2.0 | 2.671 | 1.093 | 0.569
3.910, 3.0 | 2.670 | 1.093 | 0.568
3.910, 4.0 | 2.670 | 1.092 | 0.567
3.910, 5.0 | 2.669 | 1.092 | 0.566
3.910, 6.0 | 2.668 | 1.092 | 0.566
3.910, 7.0 | 2.667 | 1.092 | 0.565
3.910, 8.0 | 2.667 | 1.092 | 0.564
3.910, 9.0 | 2.666 | 1.092 | 0.564
3.910, 10.0 | 2.666 | 1.092 | 0.563
3.910, 11.0 | 2.665 | 1.093 | 0.563
3.910, 12.0 | 2.665 | 1.093 | 0.562
3.910, 13.0 | 2.664 | 1.093 | 0.561
3.910, 14.0 | 2.664 | 1.093 | 0.561
3.910, 15.0 | 2.664 | 1.093 | 0.560
3.910, 16.0 | 2.664 | 1.094 | 0.560
3.910, 17.0 | 2.663 | 1.094 | 0.559
3.910, 18.0 | 2.663 | 1.094 | 0.559
3.910, 19.0 | 2.663 | 1.095 | 0.558
3.910, 20.0 | 2.663 | 1.095 | 0.558
3.920, 0.0 | 2.680 | 1.097 | 0.572
3.920, 1.0 | 2.679 | 1.097 | 0.572
3.920, 2.0 | 2.678 | 1.097 | 0.571
3.920, 3.0 | 2.677 | 1.097 | 0.570
3.920, 4.0 | 2.676 | 1.097 | 0.569
3.920, 5.0 | 2.676 | 1.097 | 0.569
3.920, 6.0 | 2.675 | 1.097 | 0.568
3.920, 7.0 | 2.674 | 1.097 | 0.567
3.920, 8.0 | 2.674 | 1.097 | 0.567
3.920, 9.0 | 2.673 | 1.097 | 0.566
3.920, 10.0 | 2.672 | 1.097 | 0.566
3.920, 11.0 | 2.672 | 1.097 | 0.565
3.920, 12.0 | 2.672 | 1.097 | 0.564
3.920, 13.0 | 2.671 | 1.097 | 0.564
3.920, 14.0 | 2.671 | 1.098 | 0.563
3.920, 15.0 | 2.671 | 1.098 | 0.563
3.920, 16.0 | 2.670 | 1.098 | 0.562
3.920, 17.0 | 2.670 | 1.099 | 0.562
3.920, 18.0 | 2.670 | 1.099 | 0.561
3.920, 19.0 | 2.670 | 1.099 | 0.561
3.920, 20.0 | 2.670 | 1.100 | 0.560
3.930, 0.0 | 2.687 | 1.102 | 0.575
3.930, 1.0 | 2.686 | 1.102 | 0.574
3.930, 2.0 | 2.685 | 1.102 | 0.573
3.930, 3.0 | 2.684 | 1.101 | 0.572
3.930, 4.0 | 2.683 | 1.101 | 0.572
3.930, 5.0 | 2.682 | 1.101 | 0.571
3.930, 6.0 | 2.682 | 1.101 | 0.570
3.930, 7.0 | 2.681 | 1.101 | 0.570
3.930, 8.0 | 2.680 | 1.101 | 0.569
3.930, 9.0 | 2.680 | 1.101 | 0.568
3.930, 10.0 | 2.679 | 1.101 | 0.568
3.930, 11.0 | 2.679 | 1.102 | 0.567
3.930, 12.0 | 2.678 | 1.102 | 0.567
3.930, 13.0 | 2.678 | 1.102 | 0.566
3.930, 14.0 | 2.678 | 1.102 | 0.566
3.930, 15.0 | 2.677 | 1.102 | 0.565
3.930, 16.0 | 2.677 | 1.103 | 0.564
3.930, 17.0 | 2.677 | 1.103 | 0.564
3.930, 18.0 | 2.677 | 1.103 | 0.563
3.930, 19.0 | 2.677 | 1.104 | 0.563
3.930, 20.0 | 2.677 | 1.104 | 0.563
3.940, 0.0 | 2.693 | 1.107 | 0.577
3.940, 1.0 | 2.692 | 1.106 | 0.576
3.940, 2.0 | 2.692 | 1.106 | 0.575
3.940, 3.0 | 2.691 | 1.106 | 0.575
3.940, 4.0 | 2.690 | 1.106 | 0.574
3.940, 5.0 | 2.689 | 1.106 | 0.573
3.940, 6.0 | 2.688 | 1.106 | 0.573
3.940, 7.0 | 2.688 | 1.106 | 0.572
3.940, 8.0 | 2.687 | 1.106 | 0.571
3.940, 9.0 | 2.687 | 1.106 | 0.571
3.940, 10.0 | 2.686 | 1.106 | 0.570
3.940, 11.0 | 2.686 | 1.106 | 0.569
3.940, 12.0 | 2.685 | 1.106 | 0.569
3.940, 13.0 | 2.685 | 1.106 | 0.568
3.940, 14.0 | 2.684 | 1.107 | 0.568
3.940, 15.0 | 2.684 | 1.107 | 0.567
3.940, 16.0 | 2.684 | 1.107 | 0.567
3.940, 17.0 | 2.684 | 1.108 | 0.566
3.940, 18.0 | 2.684 | 1.108 | 0.566
3.940, 19.0 | 2.684 | 1.108 | 0.565
3.940, 20.0 | 2.684 | 1.109 | 0.565
3.950, 0.0 | 2.700 | 1.111 | 0.579
3.950, 1.0 | 2.699 | 1.111 | 0.578
3.950, 2.0 | 2.698 | 1.111 | 0.578
3.950, 3.0 | 2.697 | 1.111 | 0.577
3.950, 4.0 | 2.697 | 1.110 | 0.576
3.950, 5.0 | 2.696 | 1.110 | 0.576
3.950, 6.0 | 2.695 | 1.110 | 0.575
3.950, 7.0 | 2.695 | 1.110 | 0.574
3.950, 8.0 | 2.694 | 1.110 | 0.574
3.950, 9.0 | 2.693 | 1.110 | 0.573
3.950, 10.0 | 2.693 | 1.111 | 0.572
3.950, 11.0 | 2.692 | 1.111 | 0.572
3.950, 12.0 | 2.692 | 1.111 | 0.571
3.950, 13.0 | 2.692 | 1.111 | 0.571
3.950, 14.0 | 2.691 | 1.111 | 0.570
3.950, 15.0 | 2.691 | 1.112 | 0.569
3.950, 16.0 | 2.691 | 1.112 | 0.569
3.950, 17.0 | 2.691 | 1.112 | 0.568
3.950, 18.0 | 2.690 | 1.113 | 0.568
3.950, 19.0 | 2.690 | 1.113 | 0.568
3.950, 20.0 | 2.690 | 1.113 | 0.567
3.960, 0.0 | 2.707 | 1.116 | 0.581
3.960, 1.0 | 2.706 | 1.115 | 0.580
3.960, 2.0 | 2.705 | 1.115 | 0.580
3.960, 3.0 | 2.704 | 1.115 | 0.579
3.960, 4.0 | 2.703 | 1.115 | 0.578
3.960, 5.0 | 2.703 | 1.115 | 0.578
3.960, 6.0 | 2.702 | 1.115 | 0.577
3.960, 7.0 | 2.701 | 1.115 | 0.576
3.960, 8.0 | 2.701 | 1.115 | 0.576
3.960, 9.0 | 2.700 | 1.115 | 0.575
3.960, 10.0 | 2.700 | 1.115 | 0.575
3.960, 11.0 | 2.699 | 1.115 | 0.574
3.960, 12.0 | 2.699 | 1.115 | 0.573
3.960, 13.0 | 2.698 | 1.116 | 0.573
3.960, 14.0 | 2.698 | 1.116 | 0.572
3.960, 15.0 | 2.698 | 1.116 | 0.572
3.960, 16.0 | 2.698 | 1.116 | 0.571
3.960, 17.0 | 2.697 | 1.117 | 0.571
3.960, 18.0 | 2.697 | 1.117 | 0.570
3.960, 19.0 | 2.697 | 1.117 | 0.570
3.960, 20.0 | 2.697 | 1.118 | 0.569
3.970, 0.0 | 2.714 | 1.120 | 0.583
3.970, 1.0 | 2.713 | 1.120 | 0.583
3.970, 2.0 | 2.712 | 1.120 | 0.582
3.970, 3.0 | 2.711 | 1.120 | 0.581
3.970, 4.0 | 2.710 | 1.120 | 0.581
3.970, 5.0 | 2.709 | 1.120 | 0.580
3.970, 6.0 | 2.709 | 1.120 | 0.579
3.970, 7.0 | 2.708 | 1.120 | 0.579
3.970, 8.0 | 2.707 | 1.120 | 0.578
3.970, 9.0 | 2.707 | 1.120 | 0.577
3.970, 10.0 | 2.706 | 1.120 | 0.577
3.970, 11.0 | 2.706 | 1.120 | 0.576
3.970, 12.0 | 2.706 | 1.120 | 0.575
3.970, 13.0 | 2.705 | 1.120 | 0.575
3.970, 14.0 | 2.705 | 1.120 | 0.574
3.970, 15.0 | 2.705 | 1.121 | 0.574
3.970, 16.0 | 2.704 | 1.121 | 0.573
3.970, 17.0 | 2.704 | 1.121 | 0.573
3.970, 18.0 | 2.704 | 1.122 | 0.572
3.970, 19.0 | 2.704 | 1.122 | 0.572
3.970, 20.0 | 2.704 | 1.123 | 0.571
3.980, 0.0 | 2.720 | 1.125 | 0.585
3.980, 1.0 | 2.719 | 1.125 | 0.585
3.980, 2.0 | 2.719 | 1.125 | 0.584
3.980, 3.0 | 2.718 | 1.124 | 0.583
3.980, 4.0 | 2.717 | 1.124 | 0.583
3.980, 5.0 | 2.716 | 1.124 | 0.582
3.980, 6.0 | 2.716 | 1.124 | 0.581
3.980, 7.0 | 2.715 | 1.124 | 0.581
3.980, 8.0 | 2.714 | 1.124 | 0.580
3.980, 9.0 | 2.714 | 1.124 | 0.579
3.980, 10.0 | 2.713 | 1.124 | 0.579
3.980, 11.0 | 2.713 | 1.125 | 0.578
3.980, 12.0 | 2.712 | 1.125 | 0.578
3.980, 13.0 | 2.712 | 1.125 | 0.577
3.980, 14.0 | 2.712 | 1.125 | 0.577
3.980, 15.0 | 2.711 | 1.125 | 0.576
3.980, 16.0 | 2.711 | 1.126 | 0.575
3.980, 17.0 | 2.711 | 1.126 | 0.575
3.980, 18.0 | 2.711 | 1.126 | 0.574
3.980, 19.0 | 2.711 | 1.127 | 0.574
3.980, 20.0 | 2.711 | 1.127 | 0.574
3.990, 0.0 | 2.727 | 1.130 | 0.587
3.990, 1.0 | 2.726 | 1.129 | 0.587
3.990, 2.0 | 2.725 | 1.129 | 0.586
3.990, 3.0 | 2.724 | 1.129 | 0.585
3.990, 4.0 | 2.724 | 1.129 | 0.585
3.990, 5.0 | 2.723 | 1.129 | 0.584
3.990, 6.0 | 2.722 | 1.129 | 0.583
3.990, 7.0 | 2.722 | 1.129 | 0.583
3.990, 8.0 | 2.721 | 1.129 | 0.582
3.990, 9.0 | 2.721 | 1.129 | 0.581
3.990, 10.0 | 2.720 | 1.129 | 0.581
3.990, 11.0 | 2.720 | 1.129 | 0.580
3.990, 12.0 | 2.719 | 1.129 | 0.580
3.990, 13.0 | 2.719 | 1.130 | 0.579
3.990, 14.0 | 2.719 | 1.130 | 0.579
3.990, 15.0 | 2.718 | 1.130 | 0.578
3.990, 16.0 | 2.718 | 1.130 | 0.578
3.990, 17.0 | 2.718 | 1.131 | 0.577
3.990, 18.0 | 2.718 | 1.131 | 0.577
3.990, 19.0 | 2.718 | 1.132 | 0.576
3.990, 20.0 | 2.718 | 1.132 | 0.576
4.000, 0.0 | 2.734 | 1.134 | 0.589
4.000, 1.0 | 2.733 | 1.134 | 0.589
4.000, 2.0 | 2.732 | 1.134 | 0.588
4.000, 3.0 | 2.731 | 1.134 | 0.587
4.000, 4.0 | 2.730 | 1.134 | 0.587
4.000, 5.0 | 2.730 | 1.134 | 0.586
4.000, 6.0 | 2.729 | 1.134 | 0.585
4.000, 7.0 | 2.728 | 1.134 | 0.585
4.000, 8.0 | 2.728 | 1.134 | 0.584
4.000, 9.0 | 2.727 | 1.134 | 0.583
4.000, 10.0 | 2.727 | 1.134 | 0.583
4.000, 11.0 | 2.726 | 1.134 | 0.582
4.000, 12.0 | 2.726 | 1.134 | 0.582
4.000, 13.0 | 2.726 | 1.134 | 0.581
4.000, 14.0 | 2.725 | 1.135 | 0.581
4.000, 15.0 | 2.725 | 1.135 | 0.580
4.000, 16.0 | 2.725 | 1.135 | 0.580
4.000, 17.0 | 2.725 | 1.136 | 0.579
4.000, 18.0 | 2.725 | 1.136 | 0.579
4.000, 19.0 | 2.724 | 1.136 | 0.578
4.000, 20.0 | 2.724 | 1.137 | 0.578

BEST OVERALL RESULT:
w0 = 3.350 [um]
z0 = 20.000 [um]
Pump FWHM = 2.282 [um]
Probe FWHM = 0.897 [um]
Error = 0.375 [um]
